         355         192
          -1          -1
        2039         655
          -1          -1
        1836         719
          -1          -1
          -1          -1
          -1          -1
          -1          -1
          -1          -1
          -1          -1
          -1          -1
        2218        1309
        2343         196
         503         345
          -1          -1
          -1          -1
        1841         290
        2409        1338
          -1          -1
         563         289
          -1          -1
          -1          -1
          -1          -1
         369         485
          -1          -1
          -1          -1
          -1          -1
          -1          -1
        2117         667
          -1          -1
          -1          -1
          -1          -1
          -1          -1
          -1          -1
          -1          -1
          -1          -1
          -1          -1
          -1          -1
