        2279         829
          29        1322
        2218        1309
        2343         196
         503         345
        2074        1191
        1841         290
        2409        1338
          -1          -1
        2105         771
          -1          -1
         563         289
         211          92
        1054         207
          -1          -1
          -1          -1
         104        1015
        2301         737
         369         485
        1279          44
          -1          -1
          -1          -1
          -1          -1
         954         171
          -1          -1
         334          84
          -1          -1
          -1          -1
          -1          -1
          -1          -1
         340        1304
          -1          -1
          97         382
        2021        1556
          -1          -1
        1648         414
          -1          -1
        2194        1458
        2048        1617
          -1          -1
          -1          -1
          -1          -1
          -1          -1
          -1          -1
          -1          -1
          -1          -1
          -1          -1
          -1          -1
          -1          -1
          -1          -1
