          -1          -1
          -1          -1
          -1          -1
          -1          -1
          -1          -1
        2218        1309
          -1          -1
        2343         196
          -1          -1
        1841         290
        2297          55
          -1          -1
        2409        1338
          -1          -1
        2105         771
          -1          -1
          -1          -1
         563         289
          -1          -1
          -1          -1
        1054         207
          -1          -1
          -1          -1
          -1          -1
          -1          -1
        1788        1607
          -1          -1
         369         485
          -1          -1
          -1          -1
          -1          -1
          -1          -1
          -1          -1
          -1          -1
          -1          -1
          -1          -1
        1179         127
          -1          -1
          -1          -1
          -1          -1
          -1          -1
          -1          -1
          -1          -1
          -1          -1
          -1          -1
          -1          -1
          -1          -1
          -1          -1
          -1          -1
          -1          -1
          -1          -1
          -1          -1
          -1          -1
          -1          -1
          -1          -1
          -1          -1
          -1          -1
          -1          -1
          -1          -1
          -1          -1
          -1          -1
          -1          -1
          -1          -1
          -1          -1
