4,626280E-7	1,819350E-7	-1,915946E+0	1,196175E+0	2,749000E+3
1,206401E-7	3,928251E-8	-9,595756E-1	6,144041E-1	2,749250E+3
3,847195E-7	2,830106E-8	4,629494E-1	7,504399E-2	2,749500E+3
3,769523E-7	6,618894E-8	1,193098E+0	4,028972E-2	2,749750E+3
1,702096E-7	1,181823E-7	1,156766E+0	1,833869E+0	2,750000E+3
5,966490E-7	2,694877E-8	8,957493E-1	1,810523E-1	2,750250E+3
8,018869E-7	1,784143E-8	5,507636E-1	3,018269E-2	2,750500E+3
4,280073E-7	7,423088E-8	1,338236E+0	1,269755E-1	2,750750E+3
4,234590E-7	3,542964E-8	2,807388E-2	9,093479E-2	2,751000E+3
8,708105E-8	6,280203E-8	2,469280E+0	5,812709E-1	2,751250E+3
1,590286E-7	1,891578E-8	1,420060E+0	9,260607E-2	2,751500E+3
1,045304E-7	3,151256E-8	1,078383E+0	1,466468E-1	2,751750E+3
1,036875E-7	2,953868E-8	4,495951E-2	1,414851E-1	2,752000E+3
1,242883E-7	2,986691E-8	5,919573E-1	1,077221E-1	2,752250E+3
7,183257E-8	1,357561E-8	7,291380E-1	1,979579E-1	2,752500E+3
7,693777E-8	1,339992E-8	7,749672E-1	1,177842E-1	2,752750E+3
7,728700E-8	1,527709E-8	6,270485E-1	1,606484E-1	2,753000E+3
1,184099E-7	2,436757E-8	9,349007E-1	1,125913E-1	2,753250E+3
2,065047E-7	1,794199E-8	9,780759E-1	1,155464E-1	2,753500E+3
1,941652E-7	1,621785E-8	1,161543E+0	5,156276E-2	2,753750E+3
1,587706E-7	1,421301E-8	1,251594E+0	6,847041E-2	2,754000E+3
1,276837E-7	2,309893E-8	1,150737E+0	9,404694E-2	2,754250E+3
5,001493E-8	7,847658E-9	1,185300E+0	3,368957E-1	2,754500E+3
7,466203E-8	1,397673E-8	6,265791E-1	2,038333E-1	2,754750E+3
5,843798E-8	8,584078E-9	4,420614E-1	2,871688E-1	2,755000E+3
4,473171E-8	9,951154E-9	2,381426E-1	3,409988E-1	2,755250E+3
8,860900E-8	2,086159E-8	9,941832E-1	1,614977E-1	2,755500E+3
1,220229E-7	2,362874E-8	7,133715E-1	3,856493E-1	2,755750E+3
1,084767E-7	2,651331E-8	5,237852E-2	1,110381E-1	2,756000E+3
1,566266E-7	2,159724E-8	1,732786E+0	1,045667E-1	2,756250E+3
2,601586E-7	2,218311E-8	1,042849E+0	4,968604E-2	2,756500E+3
2,893697E-7	1,806925E-8	1,390140E+0	3,315046E-2	2,756750E+3
1,350000E-8	1,980829E-8	5,497787E-1	9,222820E-1	2,757000E+3
9,510955E-8	2,360139E-8	1,268439E+0	2,186704E-1	2,757250E+3
1,161725E-7	2,337237E-8	1,077774E+0	1,166704E-1	2,757500E+3
1,659373E-7	1,820351E-8	9,658843E-1	1,010343E-1	2,757750E+3
1,486836E-7	9,904306E-9	1,326472E+0	5,912636E-2	2,758000E+3
1,404493E-7	8,207499E-9	3,319484E-1	9,875873E-2	2,758250E+3
9,698689E-8	2,073755E-8	6,829915E-1	1,161657E-1	2,758500E+3
1,627347E-7	2,276680E-8	7,035881E-1	1,372407E-1	2,758750E+3
1,446443E-7	2,423654E-8	7,655892E-1	1,853684E-1	2,759000E+3
7,578573E-8	1,220537E-8	6,846572E-1	1,958588E-1	2,759250E+3
1,500621E-7	2,029659E-8	9,674665E-1	1,342574E-1	2,759500E+3
8,110220E-8	1,366648E-8	7,967381E-1	1,371691E-1	2,759750E+3
1,509830E-7	2,303625E-8	8,321468E-1	1,794614E-1	2,760000E+3
1,457203E-7	1,359488E-8	4,966579E-1	8,698285E-2	2,760250E+3
1,541434E-7	2,564577E-8	7,803613E-1	1,832774E-1	2,760500E+3
1,351664E-7	2,847060E-8	7,864398E-1	1,843929E-1	2,760750E+3
1,395276E-7	6,244100E-9	3,527335E-1	1,066623E-1	2,761000E+3
1,305403E-7	2,798905E-8	7,524159E-1	3,251411E-1	2,761250E+3
1,659678E-7	1,761217E-8	1,097677E+0	6,079314E-2	2,761500E+3
1,787259E-7	1,458391E-8	1,073274E+0	8,235407E-2	2,761750E+3
1,656140E-7	1,545758E-8	7,863391E-1	2,326337E-1	2,762000E+3
1,984081E-7	6,426498E-9	9,611238E-1	1,464728E-1	2,762250E+3
1,313443E-7	2,602976E-8	1,084711E+0	9,071080E-2	2,762500E+3
9,532869E-8	2,070954E-8	3,606549E-1	1,764076E-1	2,762750E+3
6,200000E-8	2,214783E-8	1,570796E+0	0,000000E+0	2,763000E+3
1,573368E-7	1,170438E-8	1,659624E+0	1,007542E-1	2,763250E+3
2,900000E-8	1,713722E-8	1,021018E+0	7,686857E-1	2,763500E+3
1,409746E-7	8,023091E-9	2,494214E-1	1,558139E-1	2,763750E+3
7,577584E-8	1,479766E-8	1,217249E+0	2,248752E-1	2,764000E+3
9,842011E-8	2,499435E-8	8,729276E-1	1,793695E-1	2,764250E+3
1,470015E-7	1,836941E-8	4,845469E-1	1,542097E-1	2,764500E+3
1,151741E-7	2,919842E-8	6,188689E-1	1,856392E-1	2,764750E+3
9,173531E-8	9,980708E-9	6,039591E-1	9,307628E-2	2,765000E+3
7,422499E-8	1,624323E-8	7,066545E-1	2,526689E-1	2,765250E+3
1,044147E-7	2,311436E-8	4,242129E-1	1,055403E-1	2,765500E+3
1,371131E-7	2,724158E-8	6,418961E-1	1,925286E-1	2,765750E+3
1,119786E-7	2,261344E-8	1,017157E+0	1,257593E-1	2,766000E+3
9,797639E-8	1,574890E-8	1,111924E+0	1,319932E-1	2,766250E+3
1,153036E-7	1,777301E-8	7,049769E-1	1,124621E-1	2,766500E+3
9,809927E-8	7,714238E-9	6,039591E-1	9,307628E-2	2,766750E+3
1,462451E-7	1,512633E-8	5,313721E-1	1,376264E-1	2,767000E+3
1,806834E-7	1,742663E-8	9,675647E-1	1,307044E-1	2,767250E+3
1,147764E-7	2,840290E-8	9,898318E-1	9,766811E-2	2,767500E+3
1,393141E-7	1,199007E-8	1,177874E+0	7,015552E-2	2,767750E+3
8,700948E-8	1,295135E-8	9,214775E-1	1,139947E-1	2,768000E+3
1,057441E-7	1,426051E-8	8,630091E-1	1,477028E-1	2,768250E+3
7,709349E-8	2,004192E-8	4,781816E-1	1,999963E-1	2,768500E+3
1,475002E-7	9,385638E-9	1,230281E+0	4,046938E-2	2,768750E+3
2,104433E-7	1,332222E-8	9,250549E-1	9,417210E-2	2,769000E+3
2,353964E-7	2,172869E-8	7,705538E-1	7,398253E-2	2,769250E+3
1,583661E-7	1,864302E-8	1,227534E+0	5,157094E-2	2,769500E+3
1,862392E-7	9,997261E-9	3,322075E-1	8,332190E-2	2,769750E+3
7,264696E-8	1,366592E-8	-1,078576E-1	1,970293E-1	2,770000E+3
1,903495E-7	1,911404E-8	1,793551E-1	8,973762E-2	2,770250E+3
1,677726E-7	2,747957E-8	7,706261E-1	1,280695E-1	2,770500E+3
8,990546E-8	8,706172E-9	7,260014E-1	2,367575E-1	2,770750E+3
7,526544E-8	1,277803E-8	5,450634E-1	2,773738E-1	2,771000E+3
1,332746E-7	1,940918E-8	5,182868E-1	1,686067E-1	2,771250E+3
1,116414E-7	2,118091E-8	7,014061E-1	2,263268E-1	2,771500E+3
1,485396E-7	2,515214E-8	7,583478E-1	2,126971E-1	2,771750E+3
1,906958E-7	1,947002E-8	8,300681E-1	1,353863E-1	2,772000E+3
2,026241E-7	1,351356E-8	7,907961E-1	6,236004E-2	2,772250E+3
1,890578E-7	2,229317E-8	6,129051E-1	1,549806E-1	2,772500E+3
1,126280E-7	3,371607E-8	5,625188E-1	2,672011E-1	2,772750E+3
1,610900E-7	5,026272E-8	1,135052E+0	2,045286E-1	2,773000E+3
1,894622E-7	4,141014E-8	1,194013E+0	2,529444E-1	2,773250E+3
2,450335E-7	4,024402E-8	5,674689E-1	3,953843E-1	2,773500E+3
1,763670E-7	3,085911E-8	3,061408E-1	3,447638E-1	2,773750E+3
2,144580E-7	1,631168E-8	4,838192E-1	3,840685E-1	2,774000E+3
3,376163E-7	5,036929E-8	1,449219E+0	2,119315E-1	2,774250E+3
3,436087E-7	3,453574E-8	-1,058396E+0	3,138077E-1	2,774500E+3
4,550696E-7	4,201041E-8	2,894300E+0	1,458741E-1	2,774750E+3
7,369290E-7	1,557962E-8	2,453871E+0	3,781967E-2	2,775000E+3
3,953259E-7	6,994311E-8	-2,786117E+0	2,399851E-1	2,775250E+3
3,021913E-7	1,557361E-8	1,053377E+0	1,989601E-1	2,775500E+3
2,731520E-7	3,116991E-8	1,848845E-1	2,185936E-1	2,775750E+3
2,829503E-7	2,808086E-8	4,990956E-1	2,480290E-1	2,776000E+3
1,273139E-7	4,156375E-8	9,896649E-1	2,544454E-1	2,776250E+3
2,054621E-7	3,494818E-8	8,622507E-1	1,417128E-1	2,776500E+3
1,765420E-7	2,824534E-8	1,960515E-1	8,676861E-2	2,776750E+3
1,583689E-7	2,426404E-8	5,778851E-2	8,130759E-2	2,777000E+3
1,468267E-7	1,493543E-8	4,297604E-1	1,140077E-1	2,777250E+3
1,330325E-7	3,490361E-8	6,044142E-1	2,513450E-1	2,777500E+3
8,464657E-8	1,357083E-8	7,400384E-1	1,578185E-1	2,777750E+3
1,187273E-7	2,256741E-8	6,465645E-1	2,460376E-1	2,778000E+3
1,440029E-7	3,639192E-8	7,049769E-1	1,356425E-1	2,778250E+3
1,926720E-7	2,206485E-8	5,652972E-1	1,167734E-1	2,778500E+3
1,802641E-7	1,637917E-8	6,260206E-1	1,307778E-1	2,778750E+3
1,032092E-7	2,033590E-8	4,567397E-1	1,219000E-1	2,779000E+3
1,626889E-7	1,769144E-8	2,790182E-1	7,714926E-2	2,779250E+3
1,471231E-7	1,146103E-8	3,122910E-1	9,802253E-2	2,779500E+3
1,605191E-7	1,481845E-8	4,523441E-1	1,465816E-1	2,779750E+3
1,864928E-7	1,893038E-8	1,172242E+0	6,046444E-2	2,780000E+3
1,993628E-7	1,275099E-8	6,899475E-1	7,769208E-2	2,780250E+3
1,500209E-7	1,186494E-8	2,194520E-1	1,165886E-1	2,780500E+3
1,881900E-7	1,144836E-8	2,845673E-1	2,203856E-1	2,780750E+3
1,448752E-7	8,346328E-9	1,177508E-1	1,684709E-1	2,781000E+3
2,303953E-7	2,487918E-8	1,353508E+0	3,309119E-2	2,781250E+3
1,895499E-7	1,321167E-8	1,267173E+0	8,075616E-2	2,781500E+3
1,882268E-7	1,320583E-8	1,707487E+0	1,025760E-1	2,781750E+3
5,479072E-8	9,345798E-9	-1,115843E+0	3,478799E-1	2,782000E+3
1,880262E-7	2,397727E-8	6,113506E-1	1,275799E-1	2,782250E+3
1,752342E-7	1,599296E-8	5,585849E-2	1,273371E-1	2,782500E+3
2,084209E-7	1,435434E-8	3,371639E-1	1,167039E-1	2,782750E+3
2,191842E-7	1,184513E-8	4,601987E-1	1,049636E-1	2,783000E+3
1,912665E-7	9,296719E-9	3,190612E-1	1,205263E-1	2,783250E+3
1,905912E-7	1,432627E-8	3,199568E-1	1,164948E-1	2,783500E+3
1,654721E-7	2,348532E-8	5,010814E-1	1,203376E-1	2,783750E+3
1,798141E-7	1,965212E-8	6,453285E-1	1,364926E-1	2,784000E+3
1,647100E-7	1,975120E-8	7,386495E-1	1,626507E-1	2,784250E+3
1,764038E-7	1,977998E-8	8,118574E-1	1,141007E-1	2,784500E+3
1,218499E-7	2,620985E-8	7,403856E-1	1,605657E-1	2,784750E+3
2,214710E-7	1,340081E-8	6,378582E-1	8,339068E-2	2,785000E+3
1,920876E-7	2,032212E-8	4,843468E-1	1,167170E-1	2,785250E+3
2,331795E-7	3,336110E-8	3,725950E-1	8,249277E-2	2,785500E+3
2,354045E-7	1,503363E-8	7,124431E-1	8,248416E-2	2,785750E+3
2,008173E-7	1,646138E-8	3,757972E-1	9,220376E-2	2,786000E+3
1,810669E-7	2,102074E-8	6,719802E-1	1,022139E-1	2,786250E+3
2,209861E-7	1,376971E-8	4,916943E-1	1,757066E-1	2,786500E+3
2,222729E-7	2,258925E-8	4,199999E-1	7,905772E-2	2,786750E+3
2,194625E-7	1,642238E-8	6,230159E-1	1,308479E-1	2,787000E+3
2,269325E-7	3,578667E-8	3,844238E-1	9,458787E-2	2,787250E+3
2,706364E-7	2,802177E-8	6,358318E-1	5,087366E-2	2,787500E+3
1,988437E-7	1,197294E-8	2,924322E-1	5,827228E-2	2,787750E+3
4,524643E-8	1,065046E-8	-8,106293E-2	1,979814E-1	2,788000E+3
1,205484E-7	2,758859E-8	-1,566261E-1	1,259271E-1	2,788250E+3
3,104170E-7	8,960879E-9	4,532573E-1	5,791434E-2	2,788500E+3
2,090162E-7	1,286444E-8	4,051932E-1	1,643214E-1	2,788750E+3
2,150803E-7	1,590910E-8	5,598941E-1	1,217401E-1	2,789000E+3
1,640361E-7	2,157420E-8	4,916047E-1	1,579505E-1	2,789250E+3
2,340493E-7	9,782012E-9	6,839291E-1	4,628684E-2	2,789500E+3
2,170900E-7	1,305654E-8	5,565099E-1	9,853448E-2	2,789750E+3
2,039020E-7	1,252183E-8	7,932911E-1	7,747664E-2	2,790000E+3
2,165671E-7	9,100615E-9	7,944642E-1	4,054433E-2	2,790250E+3
2,426543E-7	1,602308E-8	7,679915E-1	6,217253E-2	2,790500E+3
2,167278E-7	1,667242E-8	5,161685E-1	1,009911E-1	2,790750E+3
2,487296E-7	1,551248E-8	7,951895E-1	3,857338E-2	2,791000E+3
1,910702E-7	9,851186E-9	7,782674E-1	3,939782E-2	2,791250E+3
2,321758E-7	9,969345E-9	6,475151E-1	3,951208E-2	2,791500E+3
2,303350E-7	1,055166E-8	6,371271E-1	3,423646E-2	2,791750E+3
2,168073E-7	1,145161E-8	8,231895E-1	5,040574E-2	2,792000E+3
2,555200E-7	1,073688E-8	7,179881E-1	5,756219E-2	2,792250E+3
2,362036E-7	1,160030E-8	5,506266E-1	9,125504E-2	2,792500E+3
2,522641E-7	1,113723E-8	6,583226E-1	5,213057E-2	2,792750E+3
2,432718E-7	1,697797E-8	7,980609E-1	5,720569E-2	2,793000E+3
2,783757E-7	2,156867E-8	6,588950E-1	6,990630E-2	2,793250E+3
3,060008E-7	1,389789E-8	5,868590E-1	3,949071E-2	2,793500E+3
2,401903E-7	1,371161E-8	7,672662E-1	6,308590E-2	2,793750E+3
3,410894E-7	2,183792E-8	7,771596E-1	6,295772E-2	2,794000E+3
3,667035E-7	2,908387E-8	7,408734E-1	5,261125E-2	2,794250E+3
2,675321E-7	2,526808E-8	9,671254E-1	6,484961E-2	2,794500E+3
2,598493E-7	9,643473E-9	7,816578E-1	5,279503E-2	2,794750E+3
2,462301E-7	1,003776E-8	7,420394E-1	5,041343E-2	2,795000E+3
