#    STDDEV
      5608.
      2562.
      918.3
      352.5
      242.9
      220.4
      216.9
       216.
      215.6
      215.4
      215.3
      215.3
      215.3
      215.3
      215.4
      215.4
      215.5
      215.6
      215.7
      215.8
      215.8
      215.9
      215.9
      215.9
       216.
       216.
       216.
       216.
      216.1
       216.
       216.
       216.
      216.1
      216.1
       216.
       216.
       216.
       216.
       216.
       216.
       216.
       216.
       216.
       216.
      215.9
      215.9
      215.9
      215.9
      215.9
      215.9
      215.9
      215.9
      215.9
      215.9
      215.8
      215.8
      215.8
      215.8
      215.8
      215.8
      215.8
      215.8
      215.7
      215.7
      215.7
      215.7
      215.7
      215.7
      215.7
      215.7
      215.7
      215.6
      215.6
      215.6
      215.6
      215.6
      215.6
      215.6
      215.6
      215.5
      215.5
      215.5
      215.5
      215.5
      215.5
      215.5
      215.5
      215.5
      215.5
      215.5
      215.4
      215.4
      215.4
      215.4
      215.4
      215.4
      215.4
      215.4
      215.4
      215.4
      215.4
      215.4
      215.4
      215.4
      215.4
      215.4
      215.4
      215.3
      215.3
      215.3
      215.3
      215.3
      215.3
      215.3
      215.3
      215.3
      215.3
      215.3
      215.3
      215.3
      215.3
      215.3
      215.3
      215.3
      215.3
      215.3
      215.3
      215.3
      215.3
      215.3
      215.3
      215.3
      215.2
      215.2
      215.2
      215.2
      215.2
      215.2
      215.2
      215.2
      215.2
      215.2
      215.2
      215.2
      215.2
      215.2
      215.2
      215.2
      215.2
      215.2
      215.2
      215.2
      215.2
      215.2
      215.2
      215.2
      215.2
      215.2
      215.2
      215.2
      215.2
      215.2
      215.2
      215.2
      215.2
      215.2
      215.2
      215.2
      215.2
      215.2
      215.2
      215.2
      215.2
      215.2
      215.2
      215.2
      215.2
      215.2
      215.2
      215.2
      215.2
      215.2
      215.2
      215.2
      215.2
      215.2
      215.2
      215.2
      215.2
      215.2
      215.2
      215.2
      215.2
      215.2
      215.2
      215.2
      215.2
      215.2
      215.2
      215.2
