#    STDDEV
      3542.
      3385.
      2940.
      3062.
      3128.
      2832.
      2510.
      2210.
      1937.
      1692.
      1477.
      1288.
      1122.
      979.2
      854.7
      749.9
      651.9
      569.9
      498.4
      436.3
      382.1
       335.
      293.9
      258.1
      226.6
      199.3
      175.4
      154.5
      136.6
       121.
      107.2
      95.28
       84.9
      75.66
      67.46
      60.46
      54.39
      48.63
      43.79
      39.42
      35.56
      32.19
      29.28
       26.6
      24.17
      21.97
      19.92
        18.
      16.37
      14.73
       13.5
      12.19
      11.06
      10.01
       9.24
       8.44
      7.704
      7.135
      6.512
      6.054
      5.643
      5.374
      4.794
      4.618
      4.422
      3.946
      3.708
      3.499
      3.328
      3.156
      2.996
      2.923
      2.782
      2.836
      2.713
      2.575
      2.466
      2.479
      2.287
       2.67
       2.23
      2.176
      2.099
       2.07
      2.377
      2.226
      2.166
      1.975
       2.19
      2.147
       2.18
      2.085
      1.879
      1.875
      1.917
      2.095
      1.875
      2.019
      1.996
      2.454
      1.847
       2.13
      1.995
      1.963
      2.323
      2.129
      1.823
      2.043
      1.805
      1.888
      2.335
      1.936
      2.079
       2.01
      2.015
      2.088
      1.812
      2.796
      1.799
      1.799
      1.845
      2.179
      2.356
      1.889
      2.393
      1.843
      2.082
      1.985
      2.078
      1.872
      1.936
      1.798
      1.888
      1.793
      1.867
      1.939
      1.843
      2.021
      2.321
       1.95
      2.008
      1.769
      1.947
      2.701
      1.758
      1.813
      2.028
      1.807
        2.5
      1.793
      2.115
       1.88
      1.807
      1.762
      1.909
      2.019
      1.933
      1.867
      1.802
      1.895
      2.044
      1.825
      1.764
      1.778
      1.878
      1.922
      1.795
      1.839
      1.826
      1.828
      1.989
      1.968
       2.08
      1.842
      1.735
      2.013
      1.771
      1.687
      2.334
       1.67
      2.528
      2.148
      1.786
      1.734
      1.807
      1.743
      1.736
      2.117
      1.802
      1.655
      1.651
      1.656
      1.966
      1.667
      1.762
      1.854
      1.994
      2.111
      2.136
      1.966
