-3.178311E-4 26761
0.00247239 1639
0.005262611 720
0.008052832 538
0.01084305 505
0.01363327 362
0.0164235 335
0.01921372 331
0.02200394 284
0.02479416 276
0.02758438 236
0.03037461 199
0.03316483 195
0.03595505 162
0.03874527 187
0.04153549 177
0.04432571 165
0.04711593 143
0.04990615 119
0.05269637 104
0.05548659 108
0.05827681 108
0.06106703 92
0.06385725 75
0.06664747 89
0.06943769 75
0.07222791 57
0.07501813 70
0.07780835 62
0.08059857 68
0.08338879 64
0.08617901 72
0.08896923 70
0.09175945 86
0.09454967 87
0.09733989 89
0.1001301 66
0.1029203 54
0.1057106 71
0.1085008 48
0.111291 42
0.1140812 41
0.1168714 42
0.1196617 49
0.1224519 57
0.1252421 35
0.1280323 47
0.1308226 40
0.1336128 40
0.136403 27
0.1391932 31
0.1419835 36
0.1447737 38
0.1475639 29
0.1503541 34
0.1531444 31
0.1559346 27
0.1587248 36
0.1615151 38
0.1643053 36
0.1670955 29
0.1698857 19
0.172676 30
0.1754662 23
0.1782564 19
0.1810466 21
0.1838369 26
0.1866271 28
0.1894173 35
0.1922076 23
0.1949978 23
0.197788 25
0.2005782 26
0.2033685 27
0.2061587 31
0.2089489 33
0.2117392 33
0.2145294 41
0.2173196 24
0.2201098 22
0.2229001 20
0.2256903 24
0.2284805 24
0.2312707 15
0.234061 33
0.2368512 21
0.2396414 23
0.2424317 22
0.2452219 21
0.2480121 32
0.2508023 17
0.2535926 25
0.2563828 24
0.259173 28
0.2619632 14
0.2647534 33
0.2675436 25
0.2703338 26
0.273124 22
0.2759143 22
0.2787045 23
0.2814947 18
0.2842849 15
0.2870751 32
0.2898653 23
0.2926555 21
0.2954457 20
0.298236 15
0.3010262 16
0.3038164 17
0.3066066 23
0.3093968 16
0.312187 25
0.3149772 29
0.3177674 24
0.3205577 19
0.3233479 9
0.3261381 11
0.3289283 20
0.3317185 20
0.3345087 24
0.3372989 17
0.3400891 12
0.3428794 15
0.3456696 10
0.3484598 19
0.35125 16
0.3540402 12
0.3568304 21
0.3596206 12
0.3624108 12
0.3652011 15
0.3679913 14
0.3707815 16
0.3735717 13
0.3763619 18
0.3791521 17
0.3819423 7
0.3847325 16
0.3875228 15
0.390313 17
0.3931032 16
0.3958934 16
0.3986836 15
0.4014738 17
0.404264 21
0.4070542 16
0.4098445 7
0.4126347 30
0.4154249 17
0.4182151 14
0.4210053 18
0.4237955 23
0.4265857 13
0.4293759 14
0.4321662 12
0.4349564 14
0.4377466 9
0.4405368 13
0.443327 10
0.4461172 8
0.4489074 7
0.4516976 13
0.4544879 12
0.4572781 10
0.4600683 16
0.4628585 13
0.4656487 12
0.4684389 14
0.4712291 14
0.4740193 12
0.4768096 14
0.4795998 15
0.48239 16
0.4851802 13
0.4879704 12
0.4907606 12
0.4935508 13
0.496341 9
0.4991313 9
0.5019215 12
0.5047117 13
0.5075019 10
0.5102921 9
0.5130823 20
0.5158725 7
0.5186628 20
0.521453 11
0.5242432 14
0.5270334 14
0.5298236 16
0.5326138 20
0.535404 15
0.5381942 16
0.5409845 13
0.5437747 19
0.5465649 18
0.5493551 11
0.5521453 15
0.5549355 14
0.5577257 23
0.5605159 19
0.5633062 11
0.5660964 14
0.5688866 21
0.5716768 16
0.574467 9
0.5772572 16
0.5800474 10
0.5828376 10
0.5856279 23
0.5884181 22
0.5912083 25
0.5939985 12
0.5967887 14
0.5995789 15
0.6023691 22
0.6051593 15
0.6079496 17
0.6107398 16
0.61353 16
0.6163202 17
0.6191104 22
0.6219006 21
0.6246908 20
0.627481 12
0.6302713 19
0.6330615 15
0.6358517 13
0.6386419 17
0.6414321 24
0.6442223 15
0.6470125 17
0.6498027 12
0.652593 12
0.6553832 26
0.6581734 12
0.6609636 21
0.6637538 17
0.666544 22
0.6693342 21
0.6721244 27
0.6749147 14
0.6777049 16
0.6804951 22
0.6832853 17
0.6860755 24
0.6888657 20
0.6916559 17
0.6944461 29
0.6972364 32
0.7000266 24
0.7028168 29
0.705607 36
0.7083972 34
0.7111874 27
0.7139776 31
0.7167678 29
0.7195581 22
0.7223483 30
0.7251385 28
0.7279287 36
0.7307189 31
0.7335091 33
0.7362993 39
0.7390895 35
0.7418798 30
0.74467 34
0.7474602 24
0.7502504 38
0.7530406 40
0.7558308 29
0.758621 40
0.7614112 45
0.7642015 42
0.7669917 34
0.7697819 32
0.7725721 34
0.7753623 58
0.7781525 103
0.7809427 143
0.783733 194
0.7865232 204
0.7893134 206
0.7921036 177
0.7948938 187
0.797684 200
0.8004742 196
0.8032644 189
0.8060547 262
0.8088449 219
0.8116351 248
0.8144253 268
0.8172155 316
0.8200057 342
0.8227959 325
0.8255861 401
0.8283764 403
0.8311666 416
0.8339568 490
0.836747 460
0.8395372 559
0.8423274 550
0.8451176 570
0.8479078 578
0.8506981 581
0.8534883 631
0.8562785 672
0.8590687 703
0.8618589 811
0.8646491 778
0.8674393 854
0.8702295 908
0.8730198 930
0.87581 968
0.8786002 933
0.8813904 970
0.8841806 1000
0.8869708 1082
0.889761 1103
0.8925512 1107
0.8953415 1230
0.8981317 1355
0.9009219 1479
0.9037121 1474
0.9065023 1629
0.9092925 1754
0.9120827 1837
0.9148729 1998
0.9176632 2077
0.9204534 2279
0.9232436 2240
0.9260338 2365
0.928824 2789
0.9316142 2930
0.9344044 3250
0.9371946 3480
0.9399849 3752
0.9427751 3943
0.9455653 4439
0.9483555 4837
0.9511457 5279
0.9539359 5637
0.9567261 6330
0.9595163 7340
0.9623066 8475
0.9650968 9901
0.967887 10958
0.9706772 11734
0.9734674 12755
0.9762576 14266
0.9790478 17231
0.981838 20890
0.9846283 26174
0.9874185 33017
0.9902087 39729
0.9929989 47723
0.9957891 59941
0.9985793 81248
1.00137 103489
1.00416 117216
1.00695 116679
1.00974 93119
1.01253 66926
1.015321 36253
1.018111 7551
1.020901 531
1.023691 178
1.026482 177
1.029272 111
1.032062 38
1.034852 18
1.037642 10
1.040433 10
1.043223 15
1.046013 11
1.048803 18
1.051593 16
1.054384 15
1.057174 11
1.059964 5
1.062754 21
1.065544 10
1.068335 10
1.071125 9
1.073915 16
1.076705 17
1.079496 13
1.082286 12
1.085076 16
1.087866 17
1.090656 11
1.093447 14
1.096237 9
1.099027 9
1.101817 14
1.104607 17
1.107398 13
1.110188 10
1.112978 9
1.115768 16
1.118559 11
1.121349 12
1.124139 9
1.126929 11
1.129719 7
1.13251 4
1.1353 10
1.13809 11
1.14088 11
1.14367 7
1.146461 5
1.149251 5
1.152041 6
1.154831 5
1.157622 5
1.160412 9
1.163202 7
1.165992 6
1.168782 6
1.171573 8
1.174363 4
1.177153 4
1.179943 8
1.182733 5
1.185524 7
1.188314 5
1.191104 6
1.193894 7
1.196684 4
1.199475 1
1.202265 4
1.205055 5
1.207845 6
1.210636 2
1.213426 7
1.216216 3
1.219006 5
1.221796 3
1.224587 8
1.227377 4
1.230167 4
1.232957 6
1.235747 5
1.238538 2
1.241328 5
1.244118 6
1.246908 6
1.249699 4
1.252489 8
1.255279 5
1.258069 2
1.260859 8
1.26365 6
1.26644 5
1.26923 7
1.27202 5
1.27481 7
1.277601 2
1.280391 5
1.283181 4
1.285971 6
1.288761 7
1.291552 4
1.294342 6
1.297132 5
1.299922 7
1.302713 0
1.305503 6
1.308293 1
1.311083 2
1.313873 0
1.316664 1
1.319454 3
1.322244 0
1.325034 1
1.327824 1
1.330615 4
1.333405 5
1.336195 2
1.338985 1
1.341776 3
1.344566 0
1.347356 0
1.350146 0
1.352936 0
1.355727 0
1.358517 0
1.361307 0
1.364097 0
1.366887 0
1.369678 0
1.372468 0
1.375258 0
1.378048 0
1.380839 0
1.383629 0
1.386419 0
1.389209 0
1.391999 0
1.39479 0
1.39758 0
1.40037 0
1.40316 0
1.40595 0
1.408741 0
1.411531 0
1.414321 0
1.417111 0
1.419901 0
1.422692 0
1.425482 0
