-0.001638334 19487
0.001610114 8076
0.004858562 31
0.00810701 0
0.01135546 0
0.01460391 27
0.01785235 2
0.0211008 0
0.02434925 43
0.0275977 8
0.03084615 1
0.03409459 1
0.03734304 1
0.04059149 2
0.04383994 19
0.04708839 26
0.05033684 16
0.05358529 9
0.05683374 5
0.06008219 4
0.06333064 5
0.06657908 6
0.06982753 5
0.07307597 7
0.07632442 5
0.07957286 6
0.08282131 7
0.08606976 9
0.0893182 10
0.09256665 13
0.09581509 14
0.09906354 25
0.102312 35
0.1055604 20
0.1088089 13
0.1120573 20
0.1153058 20
0.1185542 13
0.1218027 13
0.1250511 9
0.1282996 93
0.131548 156
0.1347965 48
0.1380449 22
0.1412934 26
0.1445418 18
0.1477903 25
0.1510387 31
0.1542872 24
0.1575356 36
0.1607841 32
0.1640325 35
0.167281 40
0.1705295 36
0.1737779 36
0.1770264 46
0.1802748 49
0.1835233 32
0.1867717 22
0.1900202 29
0.1932686 32
0.1965171 30
0.1997655 32
0.203014 41
0.2062624 31
0.2095109 33
0.2127593 33
0.2160078 38
0.2192563 33
0.2225047 42
0.2257532 30
0.2290016 33
0.2322501 34
0.2354985 32
0.238747 31
0.2419954 27
0.2452439 29
0.2484923 37
0.2517408 27
0.2549892 29
0.2582377 39
0.2614861 32
0.2647346 33
0.267983 23
0.2712315 35
0.27448 24
0.2777284 28
0.2809769 20
0.2842253 23
0.2874738 48
0.2907222 35
0.2939707 39
0.2972191 44
0.3004676 42
0.303716 25
0.3069645 25
0.3102129 43
0.3134614 54
0.3167098 41
0.3199583 48
0.3232068 51
0.3264552 39
0.3297037 37
0.3329521 36
0.3362006 34
0.339449 43
0.3426975 34
0.3459459 46
0.3491944 28
0.3524428 26
0.3556913 20
0.3589397 25
0.3621882 23
0.3654366 30
0.3686851 32
0.3719335 34
0.375182 42
0.3784305 41
0.3816789 34
0.3849274 24
0.3881758 40
0.3914243 40
0.3946727 25
0.3979212 36
0.4011696 40
0.4044181 45
0.4076665 43
0.410915 47
0.4141634 43
0.4174119 53
0.4206603 50
0.4239088 50
0.4271573 52
0.4304057 50
0.4336542 45
0.4369026 32
0.4401511 31
0.4433995 45
0.446648 45
0.4498964 47
0.4531449 54
0.4563933 56
0.4596418 55
0.4628902 43
0.4661387 64
0.4693871 45
0.4726356 52
0.4758841 40
0.4791325 51
0.482381 42
0.4856294 56
0.4888779 48
0.4921263 49
0.4953748 42
0.4986232 37
0.5018716 53
0.5051201 44
0.5083686 53
0.511617 43
0.5148655 41
0.5181139 48
0.5213624 51
0.5246108 43
0.5278593 51
0.5311077 46
0.5343562 49
0.5376046 46
0.5408531 46
0.5441015 50
0.54735 46
0.5505984 32
0.5538469 30
0.5570953 35
0.5603438 26
0.5635923 34
0.5668407 43
0.5700892 32
0.5733376 32
0.5765861 35
0.5798345 28
0.583083 52
0.5863314 40
0.5895799 49
0.5928283 39
0.5960768 57
0.5993252 49
0.6025737 44
0.6058221 38
0.6090706 44
0.6123191 48
0.6155675 35
0.618816 47
0.6220644 29
0.6253129 41
0.6285613 29
0.6318098 33
0.6350582 38
0.6383067 43
0.6415551 40
0.6448036 65
0.648052 55
0.6513005 46
0.6545489 43
0.6577974 48
0.6610458 42
0.6642943 29
0.6675428 30
0.6707912 46
0.6740397 47
0.6772881 32
0.6805366 39
0.683785 47
0.6870335 44
0.6902819 62
0.6935304 55
0.6967788 70
0.7000273 55
0.7032757 44
0.7065242 41
0.7097726 38
0.7130211 52
0.7162696 49
0.719518 43
0.7227665 49
0.7260149 50
0.7292634 40
0.7325118 49
0.7357603 38
0.7390087 47
0.7422572 50
0.7455056 47
0.7487541 33
0.7520025 34
0.755251 46
0.7584994 45
0.7617479 43
0.7649963 62
0.7682448 53
0.7714933 84
0.7747417 56
0.7779902 68
0.7812386 73
0.7844871 71
0.7877355 68
0.790984 61
0.7942324 61
0.7974809 70
0.8007293 69
0.8039778 50
0.8072262 51
0.8104747 59
0.8137231 45
0.8169716 51
0.8202201 62
0.8234685 56
0.826717 71
0.8299654 65
0.8332139 86
0.8364623 65
0.8397108 77
0.8429592 90
0.8462077 84
0.8494561 91
0.8527046 92
0.855953 106
0.8592015 112
0.8624499 101
0.8656984 129
0.8689469 127
0.8721953 127
0.8754438 140
0.8786922 143
0.8819407 181
0.8851891 203
0.8884376 248
0.891686 279
0.8949345 299
0.8981829 334
0.9014314 419
0.9046798 386
0.9079283 421
0.9111767 446
0.9144252 489
0.9176736 578
0.9209221 668
0.9241706 820
0.927419 1016
0.9306675 1307
0.9339159 1611
0.9371644 2001
0.9404128 2542
0.9436613 2794
0.9469097 3346
0.9501582 4181
0.9534066 5112
0.9566551 6175
0.9599035 7269
0.963152 8575
0.9664004 11059
0.9696489 13303
0.9728974 18123
0.9761458 22875
0.9793943 25766
0.9826427 30607
0.9858912 37668
0.9891396 53614
0.9923881 74923
0.9956365 86205
0.998885 101267
1.002133 115617
1.005382 96915
1.00863 74132
1.011879 60790
1.015127 49050
1.018376 39381
1.021624 30736
1.024873 20867
1.028121 11412
1.031369 6413
1.034618 2742
1.037866 427
1.041115 14
1.044363 10
1.047612 9
1.05086 10
1.054109 15
1.057357 16
1.060606 5
1.063854 29
1.067102 26
1.070351 10
1.073599 15
1.076848 17
1.080096 26
1.083345 24
1.086593 26
1.089842 16
1.09309 28
1.096339 27
1.099587 18
1.102835 12
1.106084 6
1.109332 10
1.112581 11
1.115829 2
1.119078 11
1.122326 3
1.125575 5
1.128823 4
1.132071 3
1.13532 8
1.138568 11
1.141817 10
1.145065 5
1.148314 3
1.151562 12
1.154811 6
1.158059 7
1.161308 8
1.164556 6
1.167804 3
1.171053 8
1.174301 3
1.17755 1
1.180798 0
1.184047 0
1.187295 0
1.190544 0
1.193792 0
1.197041 0
1.200289 0
1.203537 0
1.206786 0
1.210034 0
1.213283 0
1.216531 0
1.21978 0
1.223028 0
1.226277 0
1.229525 0
1.232774 0
1.236022 0
1.23927 0
1.242519 0
1.245767 1
1.249016 0
1.252264 0
1.255513 0
1.258761 0
1.26201 0
1.265258 1
1.268507 0
1.271755 0
1.275003 0
1.278252 0
1.2815 0
1.284749 0
1.287997 0
1.291246 0
1.294494 0
1.297743 0
1.300991 0
1.30424 0
1.307488 0
1.310736 0
1.313985 0
1.317233 0
1.320482 0
1.32373 0
1.326979 1
1.330227 0
1.333476 0
1.336724 0
1.339972 0
1.343221 0
1.346469 1
1.349718 0
1.352966 0
1.356215 0
1.359463 0
1.362712 0
1.36596 0
1.369209 0
1.372457 0
1.375705 0
1.378954 0
1.382202 0
1.385451 0
1.388699 0
1.391948 0
1.395196 0
1.398445 0
1.401693 0
1.404942 0
1.40819 0
1.411438 0
1.414687 0
1.417935 0
1.421184 0
1.424432 0
1.427681 0
1.430929 0
1.434178 0
1.437426 0
1.440675 0
1.443923 0
1.447171 0
1.45042 1
1.453668 0
1.456917 0
1.460165 0
1.463414 0
1.466662 0
1.469911 0
1.473159 0
1.476408 0
1.479656 0
1.482904 0
1.486153 0
1.489401 0
1.49265 0
1.495898 0
1.499147 0
1.502395 0
1.505644 0
1.508892 0
1.512141 0
1.515389 0
1.518637 0
1.521886 0
1.525134 0
1.528383 0
1.531631 0
1.53488 0
1.538128 0
1.541377 0
1.544625 0
1.547873 0
1.551122 0
1.55437 0
1.557619 0
1.560867 0
1.564116 0
1.567364 0
1.570613 0
1.573861 0
1.57711 0
1.580358 1
1.583606 0
1.586855 0
1.590103 0
1.593352 0
1.5966 0
1.599849 0
1.603097 0
1.606346 0
1.609594 0
1.612843 0
1.616091 0
1.619339 0
1.622588 0
1.625836 0
1.629085 0
1.632333 0
1.635582 0
1.63883 0
1.642079 0
1.645327 0
1.648576 0
1.651824 0
1.655072 0
1.658321 0
