6,759607E-6	4,928539E-7	1,567965E+0	2,707237E+0	1,350000E+2
6,400688E-6	8,362169E-7	-1,948369E+0	1,622307E+0	1,352500E+2
4,447642E-6	1,002626E-6	-1,028750E+0	1,854594E-1	1,355000E+2
1,608434E-6	4,122783E-7	-7,236019E-1	4,955941E-1	1,357500E+2
2,835211E-6	5,674972E-7	4,356254E-2	1,991438E-1	1,360000E+2
3,356777E-6	5,062073E-7	-7,411638E-2	1,754301E-1	1,362500E+2
2,827423E-6	5,379922E-7	-1,003541E-1	2,219296E-1	1,365000E+2
3,072043E-6	5,656563E-7	7,672862E-2	1,805184E-1	1,367500E+2
3,346435E-6	5,610403E-7	2,492420E-1	1,342863E-1	1,370000E+2
4,372636E-6	5,936877E-7	2,881807E-1	9,377888E-2	1,372500E+2
4,623697E-6	5,409617E-7	2,984686E-1	8,963990E-2	1,375000E+2
3,688008E-6	5,060043E-7	2,544206E-1	1,115248E-1	1,377500E+2
3,180464E-6	4,820021E-7	2,221455E-1	1,181919E-1	1,380000E+2
3,083250E-6	4,531612E-7	1,909551E-1	1,225961E-1	1,382500E+2
3,078644E-6	4,060556E-7	6,103086E-2	1,180202E-1	1,385000E+2
3,126081E-6	4,123707E-7	1,732971E-1	1,105731E-1	1,387500E+2
3,128699E-6	3,802496E-7	1,320650E-1	1,029951E-1	1,390000E+2
4,201515E-6	3,725444E-7	2,104002E-1	7,366969E-2	1,392500E+2
3,862444E-6	3,724764E-7	1,812589E-1	7,938431E-2	1,395000E+2
3,764960E-6	3,347094E-7	1,666209E-1	7,479483E-2	1,397500E+2
4,241421E-6	2,963900E-7	8,623778E-2	6,685340E-2	1,400000E+2
3,615152E-6	3,202031E-7	2,960859E-1	8,555916E-2	1,402500E+2
2,800681E-6	2,985068E-7	1,218204E-1	1,106786E-1	1,405000E+2
4,053195E-6	2,963260E-7	2,991492E-1	6,602424E-2	1,407500E+2
3,526115E-6	3,294491E-7	1,950412E-1	6,262127E-2	1,410000E+2
4,408291E-6	2,671742E-7	1,470067E-1	5,584437E-2	1,412500E+2
5,198545E-6	2,773798E-7	8,241733E-2	4,579597E-2	1,415000E+2
3,927481E-6	2,552783E-7	1,418660E-2	5,138887E-2	1,417500E+2
5,003930E-6	3,895374E-7	6,094392E-2	4,145708E-2	1,420000E+2
5,006038E-6	2,479149E-7	2,023282E-1	4,881018E-2	1,422500E+2
4,566628E-6	2,120226E-7	9,043672E-2	5,926211E-2	1,425000E+2
4,467667E-6	1,986403E-7	-4,220444E-2	4,363667E-2	1,427500E+2
4,536718E-6	1,968336E-7	5,969269E-2	4,511745E-2	1,430000E+2
4,529446E-6	2,195097E-7	1,933509E-1	3,673347E-2	1,432500E+2
4,127613E-6	1,854367E-7	1,154781E-1	3,936386E-2	1,435000E+2
5,196901E-6	1,878857E-7	1,613036E-1	2,990438E-2	1,437500E+2
4,440459E-6	1,899867E-7	1,591542E-1	4,052693E-2	1,440000E+2
5,048988E-6	3,402194E-7	2,485186E-1	4,064170E-2	1,442500E+2
4,126923E-6	2,286693E-7	1,965093E-1	4,148350E-2	1,445000E+2
5,216694E-6	1,733388E-7	1,661772E-1	3,316256E-2	1,447500E+2
4,372709E-6	2,449165E-7	-1,254658E-3	5,423346E-2	1,450000E+2
4,530062E-6	1,649041E-7	-2,194898E-2	3,448627E-2	1,452500E+2
5,126931E-6	2,614223E-7	1,357629E-1	3,804671E-2	1,455000E+2
5,325661E-6	2,120110E-7	3,172540E-1	3,502166E-2	1,457500E+2
4,920266E-6	1,462817E-7	6,500345E-2	4,698433E-2	1,460000E+2
5,234932E-6	1,656325E-7	3,032092E-1	3,181569E-2	1,462500E+2
4,866237E-6	2,476285E-7	2,832029E-1	3,602891E-2	1,465000E+2
5,779848E-6	3,392928E-7	1,321337E-1	3,344584E-2	1,467500E+2
6,095367E-6	1,783153E-7	2,136281E-1	2,761611E-2	1,470000E+2
5,227133E-6	1,470273E-7	1,142518E-1	5,992131E-2	1,472500E+2
5,407230E-6	2,407589E-7	1,521122E-1	4,797652E-2	1,475000E+2
6,498483E-6	2,167045E-7	9,799087E-2	3,999682E-2	1,477500E+2
5,515310E-6	1,798933E-7	7,545131E-2	4,302620E-2	1,480000E+2
5,389504E-6	4,583456E-7	2,655779E-1	7,075553E-2	1,482500E+2
6,400900E-6	3,075933E-7	2,248073E-1	9,779171E-2	1,485000E+2
5,874867E-6	4,192514E-7	2,435651E-1	9,545373E-2	1,487500E+2
7,005367E-6	7,006613E-7	3,124591E-1	4,238853E-2	1,490000E+2
7,124713E-6	8,784349E-7	4,983179E-1	3,248191E-2	1,492500E+2
4,797278E-6	2,796022E-7	1,203648E-1	1,491196E-1	1,495000E+2
1,078190E-5	1,662516E-7	2,166437E-1	6,522504E-2	1,497500E+2
7,384430E-6	6,358233E-7	-4,572944E-1	2,308891E-2	1,500000E+2
3,732394E-6	1,480891E-7	-1,086762E+0	5,529466E-2	1,502500E+2
9,582383E-6	9,549596E-7	-7,069257E-1	7,063725E-2	1,505000E+2
8,904373E-6	1,100973E-6	3,203815E-1	8,404166E-2	1,507500E+2
8,939142E-6	4,871069E-7	4,755050E-2	1,151309E-1	1,510000E+2
1,051722E-5	5,114871E-7	8,016971E-2	1,071134E-1	1,512500E+2
8,727275E-6	8,400697E-7	3,248750E-1	3,793359E-2	1,515000E+2
9,101512E-6	4,706744E-7	1,683924E-1	4,350216E-2	1,517500E+2
8,654654E-6	2,793258E-7	2,943576E-1	1,728588E-2	1,520000E+2
9,400317E-6	1,721301E-7	3,314102E-1	2,061960E-2	1,522500E+2
9,481013E-6	2,374972E-7	1,760094E-1	2,160989E-2	1,525000E+2
1,016811E-5	1,224033E-7	2,386970E-1	2,735400E-2	1,527500E+2
1,039425E-5	1,201711E-7	2,464048E-1	7,163403E-3	1,530000E+2
1,016982E-5	1,634893E-7	2,570657E-1	1,037925E-2	1,532500E+2
1,093104E-5	1,345379E-7	2,291821E-1	1,127768E-2	1,535000E+2
1,079210E-5	1,269506E-7	2,724622E-1	1,542013E-2	1,537500E+2
1,181537E-5	1,074610E-7	2,554867E-1	1,199860E-2	1,540000E+2
1,240503E-5	1,745004E-7	2,435845E-1	8,385681E-3	1,542500E+2
1,321135E-5	2,064676E-7	2,807749E-1	1,016147E-2	1,545000E+2
1,372799E-5	1,182282E-7	3,125352E-1	8,187837E-3	1,547500E+2
1,433464E-5	2,493251E-7	3,270349E-1	1,065935E-2	1,550000E+2
1,499603E-5	1,453401E-7	3,558881E-1	9,171810E-3	1,552500E+2
1,591392E-5	1,573240E-7	3,519193E-1	6,002904E-3	1,555000E+2
1,797616E-5	1,064804E-7	3,255439E-1	2,595018E-2	1,557500E+2
1,830321E-5	1,439220E-7	3,821032E-1	1,235370E-2	1,560000E+2
1,897486E-5	1,626998E-7	4,135228E-1	6,398063E-3	1,562500E+2
2,056186E-5	2,356030E-7	4,557399E-1	1,024459E-2	1,565000E+2
2,230208E-5	2,004014E-7	4,919853E-1	4,484680E-3	1,567500E+2
2,352128E-5	3,023475E-7	5,027954E-1	7,080660E-3	1,570000E+2
2,512248E-5	3,270802E-7	5,604342E-1	9,860203E-3	1,572500E+2
2,723080E-5	9,053891E-8	6,139536E-1	1,083425E-2	1,575000E+2
2,922348E-5	3,706767E-7	6,781601E-1	7,777119E-3	1,577500E+2
3,177140E-5	4,583638E-7	7,232558E-1	1,235815E-2	1,580000E+2
3,489281E-5	2,752439E-7	7,945721E-1	1,178843E-2	1,582500E+2
3,803295E-5	3,067707E-7	8,706129E-1	1,408808E-2	1,585000E+2
4,175721E-5	4,749225E-7	9,806684E-1	1,053686E-2	1,587500E+2
4,601017E-5	3,675035E-7	1,088886E+0	1,528204E-2	1,590000E+2
4,818787E-5	2,527295E-7	1,246934E+0	1,490155E-2	1,592500E+2
4,362380E-5	4,389046E-7	1,361855E+0	3,430779E-2	1,595000E+2
4,960719E-5	6,485919E-7	1,579377E+0	2,684145E-2	1,597500E+2
4,911626E-5	1,417583E-7	1,749263E+0	1,978292E-2	1,600000E+2
4,780556E-5	3,225116E-7	1,922938E+0	1,694844E-2	1,602500E+2
4,449512E-5	1,955942E-7	2,096995E+0	1,744388E-2	1,605000E+2
4,109658E-5	4,361536E-7	2,215897E+0	5,688977E-3	1,607500E+2
3,814141E-5	2,054861E-7	2,313975E+0	1,760530E-2	1,610000E+2
3,437443E-5	3,952175E-7	2,431299E+0	2,239537E-2	1,612500E+2
3,114058E-5	3,575567E-7	2,507471E+0	6,518710E-3	1,615000E+2
2,860143E-5	2,867946E-7	2,559729E+0	7,185741E-3	1,617500E+2
2,616965E-5	2,678879E-7	2,603608E+0	7,933165E-3	1,620000E+2
2,382205E-5	2,163043E-7	2,654062E+0	7,648752E-3	1,622500E+2
2,261653E-5	3,175534E-7	2,697907E+0	1,609001E-2	1,625000E+2
2,090119E-5	2,178705E-7	2,760487E+0	6,593480E-3	1,627500E+2
2,014754E-5	3,155537E-7	2,772647E+0	8,989136E-3	1,630000E+2
1,884721E-5	2,409216E-7	2,811009E+0	9,858074E-3	1,632500E+2
1,720795E-5	4,121783E-7	2,840748E+0	1,073502E-2	1,635000E+2
1,568134E-5	2,640003E-7	2,815684E+0	1,348609E-2	1,637500E+2
1,465255E-5	2,722412E-7	2,856319E+0	1,749882E-2	1,640000E+2
1,455192E-5	2,876681E-7	2,824299E+0	1,481618E-2	1,642500E+2
1,362684E-5	3,156382E-7	2,854883E+0	2,519051E-2	1,645000E+2
1,281528E-5	3,594614E-7	2,908601E+0	2,065555E-2	1,647500E+2
1,204290E-5	3,322376E-7	2,902151E+0	2,340721E-2	1,650000E+2
1,190893E-5	3,485505E-7	2,953303E+0	2,430383E-2	1,652500E+2
1,046958E-5	3,523683E-7	2,952970E+0	2,895824E-2	1,655000E+2
1,053368E-5	3,729184E-7	2,941902E+0	3,141663E-2	1,657500E+2
1,079397E-5	3,894439E-7	2,949986E+0	2,965021E-2	1,660000E+2
1,023486E-5	4,139847E-7	2,968701E+0	3,541373E-2	1,662500E+2
9,575965E-6	4,044395E-7	2,996557E+0	4,409178E-2	1,665000E+2
9,349892E-6	4,561351E-7	2,945422E+0	4,432940E-2	1,667500E+2
9,407122E-6	4,945432E-7	2,990086E+0	4,816047E-2	1,670000E+2
8,652904E-6	5,586281E-7	2,998405E+0	5,550550E-2	1,672500E+2
8,536501E-6	5,224441E-7	2,993073E+0	6,352787E-2	1,675000E+2
8,117196E-6	5,992097E-7	1,807086E+0	2,532447E+0	1,677500E+2
7,486621E-6	7,090326E-7	2,951883E+0	8,181039E-2	1,680000E+2
6,860096E-6	6,505340E-7	2,927892E-1	3,123909E+0	1,682500E+2
7,816684E-6	6,695347E-7	2,712041E+0	1,376231E+0	1,685000E+2
7,100036E-6	7,630456E-7	2,691362E+0	1,374295E+0	1,687500E+2
8,014708E-6	8,231202E-7	8,743063E-1	2,995791E+0	1,690000E+2
6,825716E-6	9,070261E-7	1,758978E+0	2,493665E+0	1,692500E+2
6,110989E-6	9,914129E-7	8,792728E-1	2,927770E+0	1,695000E+2
5,776477E-6	1,104822E-6	8,122094E-1	2,931264E+0	1,697500E+2
5,996226E-6	1,152936E-6	5,572454E-1	2,976901E+0	1,700000E+2
5,968441E-6	1,235860E-6	2,886450E-1	3,007222E+0	1,702500E+2
5,694635E-6	1,387503E-6	-3,385576E-1	2,988519E+0	1,705000E+2
6,708791E-6	1,513792E-6	5,974194E-1	2,935451E+0	1,707500E+2
6,008193E-6	1,608041E-6	8,341570E-1	2,794164E+0	1,710000E+2
6,506943E-6	1,858416E-6	2,867334E-1	2,901017E+0	1,712500E+2
6,459107E-6	2,146570E-6	-1,118702E-2	2,859856E+0	1,715000E+2
6,567104E-6	2,657823E-6	2,001426E-1	2,776365E+0	1,717500E+2
6,753903E-6	2,814036E-6	5,950886E-1	2,590037E+0	1,720000E+2
7,561527E-6	3,191415E-6	4,540435E-1	2,628097E+0	1,722500E+2
6,529527E-6	3,630728E-6	-1,903845E-1	2,297139E+0	1,725000E+2
8,888043E-6	2,765707E-6	6,505754E-1	2,334122E+0	1,727500E+2
8,056920E-6	2,795561E-6	6,849183E-1	1,777697E+0	1,730000E+2
9,886157E-6	2,569455E-6	1,251091E+0	1,404739E+0	1,732500E+2
1,602512E-5	2,049329E-6	3,742731E-1	2,115342E+0	1,735000E+2
1,604680E-5	3,126532E-6	-1,612304E-1	1,067492E+0	1,737500E+2
2,386094E-5	5,503260E-6	-1,646745E+0	7,430040E-1	1,740000E+2
3,203654E-5	5,497724E-6	-1,474148E+0	6,637595E-1	1,742500E+2
4,966641E-5	1,833160E-6	4,314545E-1	5,110940E-1	1,745000E+2
9,378682E-5	3,233955E-6	-1,600712E+0	2,397203E+0	1,747500E+2
1,290670E-4	1,607190E-6	1,641060E+0	1,412977E-1	1,750000E+2
1,553042E-4	9,496538E-7	9,641157E-1	8,922715E-3	1,752500E+2
1,355542E-4	6,521805E-6	1,876497E+0	1,517767E-1	1,755000E+2
6,512230E-5	8,045573E-6	-1,843530E+0	4,337118E-1	1,757500E+2
4,831768E-5	1,988939E-6	-2,184889E-1	2,781229E+0	1,760000E+2
3,402444E-5	4,205486E-6	-4,250375E-1	2,633259E+0	1,762500E+2
1,823687E-5	5,614637E-6	-1,163215E+0	1,117297E+0	1,765000E+2
1,369033E-5	2,834586E-6	-9,633988E-2	2,124923E+0	1,767500E+2
1,077060E-5	1,454795E-6	6,967264E-1	1,599341E+0	1,770000E+2
8,000471E-6	6,285332E-7	3,921149E-1	1,761268E+0	1,772500E+2
7,139346E-6	2,405306E-6	2,888735E-1	2,148284E+0	1,775000E+2
6,521157E-6	2,706688E-6	-6,527197E-3	2,347311E+0	1,777500E+2
5,797049E-6	2,502315E-6	4,580892E-1	2,337160E+0	1,780000E+2
5,149089E-6	2,216809E-6	3,952236E-1	2,415429E+0	1,782500E+2
5,635903E-6	2,148228E-6	-5,496317E-1	2,687905E+0	1,785000E+2
3,843679E-6	1,961059E-6	4,119835E-1	2,547879E+0	1,787500E+2
3,313623E-6	1,705516E-6	-3,168408E-1	2,480755E+0	1,790000E+2
3,474563E-6	1,661174E-6	-2,104083E-1	2,658963E+0	1,792500E+2
2,582637E-6	1,256129E-6	9,497073E-2	2,525479E+0	1,795000E+2
3,449081E-6	1,174991E-6	1,430204E-1	2,794219E+0	1,797500E+2
2,349295E-6	1,059066E-6	5,607439E-1	2,521629E+0	1,800000E+2
1,813880E-6	9,880225E-7	-5,193974E-1	2,410373E+0	1,802500E+2
1,796363E-6	7,161529E-7	8,704099E-1	2,229953E+0	1,805000E+2
3,004190E-6	9,396223E-7	-6,175653E-2	2,916119E+0	1,807500E+2
2,290733E-6	7,778617E-7	5,820423E-1	2,693614E+0	1,810000E+2
