4,751283E-6	2,063865E-6	-1,717931E+0	2,317801E+0	9,670000E+2
2,077266E-5	1,084675E-5	-1,913137E+0	6,319360E-1	9,672500E+2
1,021540E-5	5,662284E-6	-2,224527E+0	3,197578E-1	9,675000E+2
1,191743E-5	5,413369E-7	-3,268265E-1	3,546670E-3	9,677500E+2
3,052385E-6	4,910290E-7	-2,893848E-1	1,107859E-2	9,680000E+2
7,636379E-7	3,744746E-8	-5,228681E-2	3,911000E-2	9,682500E+2
1,065500E-6	7,397996E-8	-1,349839E-2	2,788350E-2	9,685000E+2
5,207658E-7	9,664333E-8	-3,310262E-1	1,471272E-1	9,687500E+2
2,167868E-7	7,121861E-8	-4,451379E-1	2,214889E-1	9,690000E+2
3,558014E-7	5,515869E-8	-8,513209E-1	1,085701E-1	9,692500E+2
1,142263E-7	3,848940E-8	2,222352E-1	4,919084E-1	9,695000E+2
1,741691E-7	8,006652E-8	6,992755E-1	7,144256E-1	9,697500E+2
4,879006E-7	4,017072E-8	3,574820E-1	1,896892E-1	9,700000E+2
5,436773E-7	5,301476E-8	-4,823633E-1	1,317937E-1	9,702500E+2
2,653012E-7	8,150099E-8	-1,092352E+0	2,180647E-1	9,705000E+2
2,546255E-7	6,542051E-8	-1,997733E-1	2,546806E-1	9,707500E+2
2,068068E-7	8,648671E-8	8,066944E-1	4,517012E-1	9,710000E+2
2,046675E-7	8,874109E-8	2,456128E-1	4,364110E-1	9,712500E+2
2,973803E-7	1,038974E-7	3,578258E-1	3,452054E-1	9,715000E+2
6,550439E-7	8,295543E-8	-1,480557E-2	1,406012E-1	9,717500E+2
5,361559E-7	1,347193E-7	-7,404396E-1	3,187484E-1	9,720000E+2
2,504260E-7	1,298454E-7	1,100830E-1	1,249770E+0	9,722500E+2
3,268003E-7	1,227388E-7	4,866867E-1	1,618612E+0	9,725000E+2
3,182152E-7	1,412504E-7	-1,705705E-1	1,612878E+0	9,727500E+2
3,785347E-7	2,384742E-7	1,643235E-1	1,317051E+0	9,730000E+2
5,387336E-7	3,059517E-7	3,563509E-1	5,417729E-1	9,732500E+2
1,099723E-6	5,067284E-7	1,851122E+0	2,608699E-1	9,735000E+2
8,085058E-7	2,232211E-8	-8,831672E-2	8,411819E-1	9,737500E+2
9,110637E-7	1,356192E-7	-7,987455E-1	2,231544E+0	9,740000E+2
1,325594E-6	2,430529E-7	1,086279E-1	2,594165E+0	9,742500E+2
1,791733E-6	1,627852E-7	-1,633453E+0	6,203016E-1	9,745000E+2
3,451800E-6	5,047793E-8	6,357965E-1	3,624221E-1	9,747500E+2
3,318586E-6	1,293995E-7	-1,738173E+0	3,467006E-1	9,750000E+2
6,512911E-6	5,250224E-7	2,827196E+0	3,305314E-2	9,752500E+2
6,681334E-6	2,446371E-7	-2,641458E+0	1,366232E+0	9,755000E+2
3,903765E-6	2,168179E-7	-7,779283E-1	3,613712E-1	9,757500E+2
1,538156E-6	5,654107E-8	-7,811391E-1	2,404520E+0	9,760000E+2
9,067993E-7	1,184325E-7	-1,133420E-1	2,427508E+0	9,762500E+2
8,313587E-7	2,703657E-7	-1,564164E+0	1,697290E+0	9,765000E+2
7,238183E-7	1,154492E-7	4,828528E-1	9,861033E-1	9,767500E+2
4,122943E-7	4,350904E-8	-3,461454E-1	1,812590E+0	9,770000E+2
3,487551E-7	1,148908E-7	-1,251645E-1	1,699892E+0	9,772500E+2
1,886418E-7	5,716346E-8	-1,318463E-1	1,932850E+0	9,775000E+2
2,888666E-7	1,507913E-7	-5,462621E-2	7,936851E-1	9,777500E+2
2,976347E-7	1,290598E-7	-8,833967E-2	6,061286E-1	9,780000E+2
4,860708E-7	1,332988E-7	8,832806E-3	2,482072E-1	9,782500E+2
5,468308E-7	1,118553E-7	3,478909E-1	3,028547E-1	9,785000E+2
3,919501E-7	1,191422E-7	3,654191E-1	2,924007E-1	9,787500E+2
4,029549E-7	8,346011E-8	2,310262E-1	1,872842E-1	9,790000E+2
2,997815E-7	1,046097E-7	6,211021E-1	3,504726E-1	9,792500E+2
5,349925E-7	7,253313E-8	1,938285E-1	1,361760E-1	9,795000E+2
6,544677E-7	7,360693E-8	1,773719E-1	9,198049E-2	9,797500E+2
5,940888E-7	6,632015E-8	1,206218E-1	1,054335E-1	9,800000E+2
4,438541E-7	6,750093E-8	-3,826570E-1	1,576170E-1	9,802500E+2
6,032622E-7	9,819302E-8	-6,942576E-1	1,177433E-1	9,805000E+2
6,020004E-7	5,835890E-8	2,416028E-1	1,045577E-1	9,807500E+2
3,988058E-7	7,758806E-8	7,386636E-2	8,002513E-2	9,810000E+2
3,587975E-7	3,007637E-8	2,562652E+0	2,193099E-1	9,812500E+2
3,408289E-7	4,066129E-8	1,145830E+0	3,793912E-1	9,815000E+2
9,963079E-7	3,819077E-8	1,188279E-1	4,378800E-2	9,817500E+2
6,816361E-7	3,889533E-8	3,458773E-1	1,124948E-1	9,820000E+2
2,614353E-7	6,872218E-8	-1,705586E+0	2,782022E-1	9,822500E+2
6,308883E-7	3,162295E-8	2,772615E-1	3,381068E-2	9,825000E+2
5,647443E-7	6,500081E-8	1,141352E-1	1,147925E-1	9,827500E+2
3,481501E-7	3,908860E-8	1,377474E-1	4,856148E-2	9,830000E+2
1,712824E-7	5,769548E-8	2,983564E-1	2,293698E-1	9,832500E+2
6,731591E-7	5,667892E-8	-2,172805E-1	5,114055E-2	9,835000E+2
6,286860E-7	5,040798E-8	4,433571E-1	4,912158E-2	9,837500E+2
7,393243E-7	1,022101E-7	3,733556E-1	1,297187E-1	9,840000E+2
4,509542E-7	3,960762E-8	6,418893E-1	5,533845E-2	9,842500E+2
4,598473E-7	3,770355E-8	5,176221E-1	1,336793E-1	9,845000E+2
6,335767E-7	2,472206E-8	5,814426E-1	1,295131E-1	9,847500E+2
5,981663E-7	4,474576E-8	8,523806E-3	2,156035E-2	9,850000E+2
5,415864E-7	1,483762E-8	-1,344845E-1	8,124109E-2	9,852500E+2
9,296964E-7	1,876618E-8	4,904763E-2	1,372539E-2	9,855000E+2
4,262325E-7	5,573311E-8	-2,590094E-2	5,538621E-2	9,857500E+2
4,384064E-7	3,845489E-8	1,486033E-1	4,794937E-2	9,860000E+2
7,254375E-7	3,285389E-8	5,193783E-1	2,820638E-2	9,862500E+2
8,707702E-7	3,851498E-8	4,366902E-1	5,547561E-2	9,865000E+2
7,441280E-7	1,516821E-8	4,595804E-1	3,375429E-2	9,867500E+2
8,917755E-7	2,030015E-8	4,480246E-2	5,860396E-2	9,870000E+2
7,893390E-7	1,353385E-8	4,119208E-2	2,121274E-2	9,872500E+2
8,765109E-7	7,913063E-8	-2,487420E-2	5,522757E-2	9,875000E+2
1,202503E-6	4,949864E-8	2,681942E-1	3,587774E-2	9,877500E+2
1,106008E-6	3,954822E-8	5,868033E-1	3,065734E-2	9,880000E+2
9,446323E-7	2,459910E-8	3,924106E-1	2,999757E-2	9,882500E+2
9,839651E-7	1,871093E-8	5,261272E-1	3,742273E-2	9,885000E+2
1,110573E-6	2,442282E-8	3,129253E-1	3,307160E-2	9,887500E+2
1,186625E-6	3,482022E-8	4,528418E-1	1,302471E-2	9,890000E+2
1,142436E-6	3,309549E-8	5,138919E-1	3,962524E-2	9,892500E+2
1,150242E-6	3,267408E-8	6,409405E-1	3,397192E-2	9,895000E+2
1,204535E-6	2,564523E-8	7,363450E-1	2,343450E-2	9,897500E+2
1,228967E-6	1,806173E-8	7,615484E-1	6,521780E-2	9,900000E+2
1,342883E-6	2,864995E-8	6,675633E-1	2,430315E-2	9,902500E+2
1,455744E-6	4,457971E-8	7,029076E-1	2,529008E-2	9,905000E+2
1,496205E-6	2,015529E-8	7,258758E-1	4,153796E-2	9,907500E+2
1,557798E-6	3,112563E-8	9,178863E-1	1,338493E-2	9,910000E+2
1,638771E-6	2,260534E-8	9,434249E-1	1,422934E-2	9,912500E+2
1,866461E-6	1,684170E-8	9,862149E-1	5,018819E-3	9,915000E+2
1,787704E-6	2,711278E-8	1,065512E+0	1,521277E-2	9,917500E+2
1,901724E-6	1,447505E-8	1,104473E+0	1,351418E-2	9,920000E+2
1,902946E-6	3,585503E-8	1,239995E+0	2,567471E-2	9,922500E+2
2,149388E-6	2,645730E-8	1,387847E+0	4,933308E-3	9,925000E+2
2,147447E-6	3,988770E-8	1,412821E+0	1,580665E-2	9,927500E+2
1,802587E-6	1,076379E-8	1,556399E+0	2,158417E-2	9,930000E+2
1,891078E-6	2,656133E-8	1,595155E+0	4,471473E-3	9,932500E+2
1,897347E-6	1,337927E-8	1,633012E+0	1,389026E-2	9,935000E+2
1,805176E-6	3,129298E-8	1,775815E+0	3,511355E-2	9,937500E+2
1,781084E-6	3,345281E-8	1,943860E+0	2,204695E-2	9,940000E+2
1,868050E-6	5,070482E-8	1,992977E+0	2,150096E-2	9,942500E+2
1,624691E-6	3,340464E-8	2,143989E+0	9,704162E-3	9,945000E+2
1,516399E-6	3,884771E-8	2,042952E+0	9,650847E-3	9,947500E+2
1,502109E-6	2,254398E-8	2,154471E+0	2,699530E-2	9,950000E+2
1,384450E-6	1,292165E-8	2,178532E+0	9,920424E-3	9,952500E+2
1,258320E-6	2,502134E-8	2,258203E+0	2,317583E-2	9,955000E+2
1,256948E-6	2,857119E-8	2,387638E+0	1,651185E-2	9,957500E+2
1,171198E-6	2,000042E-8	2,266475E+0	1,395410E-2	9,960000E+2
1,269241E-6	3,342270E-8	2,357272E+0	2,396928E-2	9,962500E+2
9,818665E-7	3,200746E-8	2,514181E+0	5,522475E-2	9,965000E+2
1,008760E-6	3,225538E-8	2,418400E+0	7,880077E-2	9,967500E+2
9,383276E-7	3,888424E-8	2,368137E+0	2,550479E-2	9,970000E+2
8,250354E-7	7,794460E-8	2,595162E+0	3,047702E-2	9,972500E+2
5,645191E-7	4,004141E-8	2,495071E+0	8,268980E-2	9,975000E+2
6,949688E-7	4,063058E-8	2,513905E+0	3,297711E-2	9,977500E+2
1,001439E-6	5,341286E-8	2,486762E+0	4,799909E-2	9,980000E+2
7,594802E-7	3,852274E-8	2,545611E+0	4,159530E-2	9,982500E+2
4,450782E-7	9,058526E-8	2,173656E+0	1,007436E-1	9,985000E+2
7,724139E-7	1,093845E-7	2,589141E+0	1,274033E-1	9,987500E+2
8,481548E-7	9,930534E-8	2,098989E+0	6,088824E-2	9,990000E+2
3,417258E-7	1,309820E-7	2,362909E+0	5,977695E-2	9,992500E+2
5,555078E-7	6,165374E-8	1,756787E+0	7,555943E-2	9,995000E+2
5,934901E-7	1,532781E-7	2,400229E+0	2,625016E-1	9,997500E+2
7,813084E-7	4,288447E-8	2,512626E+0	7,929902E-2	1,000000E+3
8,777744E-7	3,723485E-8	2,109168E+0	9,909747E-2	1,000250E+3
1,062333E-6	5,275875E-8	2,217655E+0	4,744346E-2	1,000500E+3
4,697636E-7	1,610890E-7	2,978071E+0	8,810649E-2	1,000750E+3
4,270509E-7	5,503594E-8	2,806013E+0	2,503571E-1	1,001000E+3
5,793594E-7	5,402478E-8	2,151551E+0	1,798079E+0	1,001250E+3
4,401817E-7	5,808379E-8	2,895298E+0	1,817778E-1	1,001500E+3
8,211149E-7	8,920877E-8	2,510887E+0	8,856115E-2	1,001750E+3
8,791112E-7	6,604231E-8	2,595164E+0	6,201442E-2	1,002000E+3
6,893339E-7	7,232078E-8	2,934526E+0	1,021419E-1	1,002250E+3
5,248765E-7	7,236362E-8	2,370408E+0	1,536795E-1	1,002500E+3
3,871903E-7	9,585428E-8	2,629542E+0	2,803237E-1	1,002750E+3
2,034770E-7	1,008756E-7	2,473680E+0	4,620628E-1	1,003000E+3
3,173191E-7	1,172429E-7	2,078687E+0	2,642225E-1	1,003250E+3
2,429552E-7	1,517365E-7	2,019431E+0	6,936589E-1	1,003500E+3
3,542983E-7	1,603703E-7	7,824914E-1	2,571114E+0	1,003750E+3
3,924750E-7	2,026492E-7	1,558130E+0	1,941550E+0	1,004000E+3
4,091427E-7	2,482089E-7	1,159779E+0	2,522157E+0	1,004250E+3
5,809894E-7	1,349907E-7	1,343110E+0	2,273758E+0	1,004500E+3
7,157867E-7	1,206754E-7	1,040886E+0	2,401333E+0	1,004750E+3
5,723273E-7	1,696946E-7	-9,911261E-1	1,940310E+0	1,005000E+3
1,002524E-6	5,709230E-8	1,431330E+0	6,136483E-1	1,005250E+3
9,381458E-7	7,460436E-8	3,094831E-1	7,626222E-1	1,005500E+3
1,404663E-6	7,006198E-8	9,563324E-1	5,575764E-1	1,005750E+3
2,708481E-6	1,760625E-7	1,007708E+0	2,699016E+0	1,006000E+3
4,482807E-6	1,195838E-7	5,472236E-1	1,914539E-1	1,006250E+3
6,374304E-6	8,961110E-8	-5,626171E-1	4,429960E-2	1,006500E+3
2,010872E-6	2,111713E-7	1,494748E+0	5,520116E-1	1,006750E+3
1,916791E-6	6,832437E-7	1,069506E+0	2,081630E-1	1,007000E+3
3,129435E-6	2,858497E-7	3,619478E-1	1,425230E-1	1,007250E+3
2,175324E-6	6,037520E-7	1,408409E+0	2,140165E-1	1,007500E+3
1,061360E-6	1,238374E-7	-6,994970E-3	6,305222E-1	1,007750E+3
9,956588E-7	1,002810E-7	-6,420852E-1	6,902059E-1	1,008000E+3
6,350358E-7	9,610623E-8	4,513779E-1	9,123148E-1	1,008250E+3
3,348163E-7	7,988839E-8	3,592067E-1	2,268961E+0	1,008500E+3
3,996802E-7	6,031267E-8	1,908686E+0	2,925409E-1	1,008750E+3
4,204672E-7	9,106015E-8	2,289389E+0	2,588126E-1	1,009000E+3
4,077570E-7	1,630118E-7	2,445739E+0	4,325183E-1	1,009250E+3
6,021593E-7	1,049772E-7	2,718971E+0	1,675799E-1	1,009500E+3
3,392894E-7	6,971908E-8	2,276107E+0	3,650397E-1	1,009750E+3
2,223287E-7	7,337697E-8	1,421972E+0	3,731500E-1	1,010000E+3
2,935210E-7	1,240562E-7	1,722011E+0	3,233477E-1	1,010250E+3
1,164557E-7	5,441620E-8	2,571290E-1	2,470796E+0	1,010500E+3
5,335814E-7	5,717799E-8	1,939891E+0	1,132910E-1	1,010750E+3
4,706259E-7	6,408283E-8	2,398876E+0	1,954213E-1	1,011000E+3
5,726311E-7	8,698855E-8	2,748714E+0	1,480352E-1	1,011250E+3
1,294454E-7	5,354671E-8	-6,128953E-1	4,973075E-1	1,011500E+3
2,850621E-7	6,878338E-8	1,774838E+0	1,822247E-1	1,011750E+3
2,159765E-7	6,851168E-8	1,537505E+0	2,682657E+0	1,012000E+3
5,457373E-8	2,668940E-8	8,268863E-1	2,708284E+0	1,012250E+3
2,757249E-7	8,873854E-8	2,221186E+0	2,125811E-1	1,012500E+3
2,340435E-7	4,470537E-8	2,118965E+0	1,814192E-1	1,012750E+3
1,502281E-7	4,697713E-8	2,074723E+0	2,868416E-1	1,013000E+3
