-30.0000000000	5.3139148031
-29.8828125000	2.7906838081
-29.7656250000	1.4085854285
-29.6484375000	6.1924935826
-29.5312500000	3.4737355318
-29.4140625000	1.3435783772
-29.2968750000	3.5106568128
-29.1796875000	6.8929370326
-29.0625000000	4.5610740818
-28.9453125000	2.9323563496
-28.8281250000	2.5394470928
-28.7109375000	3.6006513730
-28.5937500000	2.6342014022
-28.4765625000	4.4270786474
-28.3593750000	0.4486508260
-28.2421875000	1.5299601431
-28.1250000000	2.4923117944
-28.0078125000	1.6393708350
-27.8906250000	6.0622069216
-27.7734375000	3.7297079735
-27.6562500000	7.3130910229
-27.5390625000	2.7386624808
-27.4218750000	3.5572805032
-27.3046875000	3.5506879217
-27.1875000000	5.0380656893
-27.0703125000	2.8875860247
-26.9531250000	2.3121344107
-26.8359375000	5.2410494993
-26.7187500000	4.8793348070
-26.6015625000	3.3166270625
-26.4843750000	5.1507314242
-26.3671875000	4.1171056190
-26.2500000000	5.2436015712
-26.1328125000	5.7358155080
-26.0156250000	2.3478115923
-25.8984375000	1.4259743261
-25.7812500000	8.4504904110
-25.6640625000	3.6488694472
-25.5468750000	0.9375369793
-25.4296875000	3.9736588681
-25.3125000000	1.6348952892
-25.1953125000	2.5333304794
-25.0781250000	2.8267673743
-24.9609375000	3.3052479688
-24.8437500000	4.0493774057
-24.7265625000	3.7761640959
-24.6093750000	5.1165443391
-24.4921875000	3.1492088899
-24.3750000000	2.5094572003
-24.2578125000	3.6995028708
-24.1406250000	4.8338956333
-24.0234375000	3.1283107129
-23.9062500000	1.6281226431
-23.7890625000	7.0635155877
-23.6718750000	4.0247671610
-23.5546875000	1.9015922636
-23.4375000000	1.9695887272
-23.3203125000	1.9148629937
-23.2031250000	5.3516451991
-23.0859375000	5.3563397995
-22.9687500000	0.5473875420
-22.8515625000	2.7832453069
-22.7343750000	4.6330513580
-22.6171875000	1.1672855820
-22.5000000000	0.8987137863
-22.3828125000	5.9658865934
-22.2656250000	0.6269394112
-22.1484375000	3.0222664855
-22.0312500000	1.3500021977
-21.9140625000	4.0706498530
-21.7968750000	5.7770997614
-21.6796875000	1.4122928266
-21.5625000000	0.2170656226
-21.4453125000	1.3389208209
-21.3281250000	2.6977275644
-21.2109375000	4.5381485586
-21.0937500000	4.2594093685
-20.9765625000	1.8025837002
-20.8593750000	1.1596777567
-20.7421875000	6.1874815492
-20.6250000000	4.3071814320
-20.5078125000	2.5565757097
-20.3906250000	5.2472596353
-20.2734375000	2.6242427741
-20.1562500000	1.2700218420
-20.0390625000	4.9188711532
-19.9218750000	6.7258595782
-19.8046875000	5.4061754895
-19.6875000000	2.8603836864
-19.5703125000	5.3759149514
-19.4531250000	1.0564534556
-19.3359375000	1.2267090023
-19.2187500000	2.2891965941
-19.1015625000	6.2952863394
-18.9843750000	0.1452456592
-18.8671875000	4.7201750379
-18.7500000000	2.4666625602
-18.6328125000	5.7823976501
-18.5156250000	2.2367513974
-18.3984375000	3.9338243440
-18.2812500000	3.5832718066
-18.1640625000	4.2667223866
-18.0468750000	4.0964725556
-17.9296875000	3.7927469428
-17.8125000000	6.7066590440
-17.6953125000	2.0353570366
-17.5781250000	0.6011584378
-17.4609375000	4.3653586408
-17.3437500000	4.5300879961
-17.2265625000	2.7162352929
-17.1093750000	2.7080635439
-16.9921875000	3.3232191627
-16.8750000000	6.5635224843
-16.7578125000	3.1873639908
-16.6406250000	5.0108834710
-16.5234375000	2.3307352835
-16.4062500000	4.7568226745
-16.2890625000	6.1000376757
-16.1718750000	4.0585570759
-16.0546875000	3.7372169398
-15.9375000000	3.5477523078
-15.8203125000	4.2541057215
-15.7031250000	2.5651760461
-15.5859375000	0.3988519371
-15.4687500000	2.0940350115
-15.3515625000	1.3715951448
-15.2343750000	5.2840422822
-15.1171875000	5.9042447997
-15.0000000000	2.7576802258
-14.8828125000	5.3740090165
-14.7656250000	0.5784461206
-14.6484375000	5.3451358960
-14.5312500000	6.2467495072
-14.4140625000	4.0970645230
-14.2968750000	4.8962641467
-14.1796875000	4.0190572217
-14.0625000000	3.5596222474
-13.9453125000	4.3336147906
-13.8281250000	0.9846536202
-13.7109375000	6.2011666917
-13.5937500000	6.2288247797
-13.4765625000	1.2340055604
-13.3593750000	6.3463961423
-13.2421875000	7.1376977921
-13.1250000000	2.4738125646
-13.0078125000	4.4329979448
-12.8906250000	3.4132589482
-12.7734375000	4.3175222944
-12.6562500000	5.7350369786
-12.5390625000	4.7026510807
-12.4218750000	2.2087405933
-12.3046875000	1.9426102146
-12.1875000000	4.6746163553
-12.0703125000	9.3481686819
-11.9531250000	2.9960769506
-11.8359375000	8.3344247200
-11.7187500000	6.1342447791
-11.6015625000	9.1506285612
-11.4843750000	6.4870965367
-11.3671875000	0.8079552726
-11.2500000000	4.4026978257
-11.1328125000	2.5930832577
-11.0156250000	4.2343284309
-10.8984375000	6.2736000523
-10.7812500000	0.1548955690
-10.6640625000	6.5197039795
-10.5468750000	8.4170780148
-10.4296875000	16.6671736522
-10.3125000000	14.9792784630
-10.1953125000	20.5307473464
-10.0781250000	23.1987101214
-9.9609375000	31.5624786155
-9.8437500000	32.9760790866
-9.7265625000	46.5608922757
-9.6093750000	42.9325515436
-9.4921875000	54.6111623955
-9.3750000000	56.2864331175
-9.2578125000	64.6238120667
-9.1406250000	73.1798143337
-9.0234375000	80.2269663291
-8.9062500000	87.1077554668
-8.7890625000	96.1143376537
-8.6718750000	104.0617913981
-8.5546875000	98.1083966995
-8.4375000000	99.1061430869
-8.3203125000	96.5533123566
-8.2031250000	94.0317892898
-8.0859375000	98.7788721907
-7.9687500000	99.3714832644
-7.8515625000	97.1138490194
-7.7343750000	101.7627750155
-7.6171875000	97.0947226574
-7.5000000000	97.4225151960
-7.3828125000	100.1751800166
-7.2656250000	100.9030863027
-7.1484375000	97.2883191910
-7.0312500000	95.9099355789
-6.9140625000	94.9935590243
-6.7968750000	97.3613635247
-6.6796875000	99.2189969003
-6.5625000000	91.6358284253
-6.4453125000	97.4652388315
-6.3281250000	100.4196094556
-6.2109375000	100.1720686397
-6.0937500000	98.8629730688
-5.9765625000	95.4676458281
-5.8593750000	96.8793932096
-5.7421875000	94.8650064192
-5.6250000000	93.8768824060
-5.5078125000	98.1224723714
-5.3906250000	101.9407082938
-5.2734375000	99.4423711242
-5.1562500000	95.0208722797
-5.0390625000	100.5584244836
-4.9218750000	95.3402257515
-4.8046875000	99.1979570105
-4.6875000000	91.7638475597
-4.5703125000	92.5912224434
-4.4531250000	97.6377202052
-4.3359375000	95.3241961277
-4.2187500000	99.0314079048
-4.1015625000	98.9582411717
-3.9843750000	99.6237854241
-3.8671875000	91.2729760772
-3.7500000000	103.6195037636
-3.6328125000	94.2517447771
-3.5156250000	101.0239653530
-3.3984375000	105.2529983214
-3.2812500000	98.7652189731
-3.1640625000	97.7456154118
-3.0468750000	97.3160328669
-2.9296875000	100.1323968034
-2.8125000000	100.7245646595
-2.6953125000	94.1047301063
-2.5781250000	96.2803352608
-2.4609375000	100.1148779344
-2.3437500000	102.4811785673
-2.2265625000	100.9548670357
-2.1093750000	98.2646091350
-1.9921875000	100.4598586329
-1.8750000000	107.7938753616
-1.7578125000	96.0214970719
-1.6406250000	98.6724159938
-1.5234375000	99.6113905556
-1.4062500000	101.7876575641
-1.2890625000	101.6382123975
-1.1718750000	98.2059712287
-1.0546875000	102.5013126415
-0.9375000000	104.0855401713
-0.8203125000	98.9767435379
-0.7031250000	99.1270513228
-0.5859375000	97.7112343011
-0.4687500000	105.1746176443
-0.3515625000	104.1517831751
-0.2343750000	100.6340004302
-0.1171875000	99.7075817189
0.0000000000	105.0072303703
0.1171875000	103.4835138770
0.2343750000	105.1543729277
0.3515625000	104.0240286911
0.4687500000	100.3396715327
0.5859375000	100.1359472390
0.7031250000	105.9665245721
0.8203125000	105.4743340445
0.9375000000	103.0460997260
1.0546875000	100.3369573534
1.1718750000	103.0967595586
1.2890625000	98.9201072470
1.4062500000	99.8222817472
1.5234375000	104.2840115737
1.6406250000	101.2136376661
1.7578125000	101.1352500211
1.8750000000	105.9403230053
1.9921875000	104.6860981066
2.1093750000	100.3172949201
2.2265625000	106.8861866641
2.3437500000	99.0837346831
2.4609375000	103.3861006745
2.5781250000	105.8161850824
2.6953125000	101.8130321519
2.8125000000	105.2763361452
2.9296875000	106.6134932580
3.0468750000	105.0440707923
3.1640625000	100.9492711610
3.2812500000	99.4885687244
3.3984375000	104.1746808609
3.5156250000	106.1309954269
3.6328125000	101.9554566911
3.7500000000	96.5110343382
3.8671875000	101.9176053056
3.9843750000	102.8550151355
4.1015625000	97.7195567092
4.2187500000	106.0341383219
4.3359375000	99.0831955468
4.4531250000	102.8568646668
4.5703125000	103.3835019759
4.6875000000	105.2108335610
4.8046875000	97.9150881184
4.9218750000	97.8484957258
5.0390625000	97.2913945915
5.1562500000	96.6317922794
5.2734375000	103.4499366531
5.3906250000	105.1138384003
5.5078125000	103.3083751544
5.6250000000	103.1105033756
5.7421875000	102.7801483298
5.8593750000	103.5741341675
5.9765625000	100.9604569738
6.0937500000	102.1152976360
6.2109375000	99.7790291342
6.3281250000	94.6899092327
6.4453125000	103.1174460506
6.5625000000	101.1486924866
6.6796875000	101.7862157028
6.7968750000	102.6162002974
6.9140625000	100.6585890028
7.0312500000	97.1330366939
7.1484375000	99.3865646550
7.2656250000	100.1388978825
7.3828125000	99.9089450066
7.5000000000	102.5673610881
7.6171875000	96.8943469824
7.7343750000	98.7243278113
7.8515625000	99.8046024349
7.9687500000	96.7960775021
8.0859375000	97.1492814565
8.2031250000	100.6733928812
8.3203125000	96.9998711244
8.4375000000	102.7582897114
8.5546875000	98.6798094238
8.6718750000	101.2991749367
8.7890625000	96.4293260184
8.9062500000	101.1649145924
9.0234375000	96.4075855289
9.1406250000	101.6477311703
9.2578125000	97.5124599137
9.3750000000	99.1453485161
9.4921875000	96.8798819819
9.6093750000	98.7639421037
9.7265625000	97.3027780555
9.8437500000	98.0582796861
9.9609375000	101.5561414767
10.0781250000	101.0358611465
10.1953125000	100.6867051550
10.3125000000	97.4401402748
10.4296875000	97.4664045576
10.5468750000	86.6955838140
10.6640625000	82.8775785437
10.7812500000	79.2295140677
10.8984375000	77.3864261584
11.0156250000	66.7750311283
11.1328125000	56.9947822679
11.2500000000	52.4411712794
11.3671875000	43.9125003469
11.4843750000	39.1211528732
11.6015625000	44.6986570830
11.7187500000	41.0126411829
11.8359375000	31.5494979705
11.9531250000	32.9252984688
12.0703125000	28.9761344210
12.1875000000	28.9502413272
12.3046875000	26.3593420292
12.4218750000	17.6855366570
12.5390625000	18.2190645108
12.6562500000	19.8294268290
12.7734375000	15.3014903131
12.8906250000	11.9287057585
13.0078125000	13.2971926396
13.1250000000	11.4742488535
13.2421875000	13.6424701576
13.3593750000	8.7556647957
13.4765625000	8.8088896036
13.5937500000	9.5702882107
13.7109375000	3.5527593961
13.8281250000	4.4597281862
13.9453125000	3.2725123722
14.0625000000	7.5321247794
14.1796875000	4.1403401678
14.2968750000	5.6881140216
14.4140625000	2.5087584064
14.5312500000	3.3379026389
14.6484375000	0.4185483166
14.7656250000	4.8379609310
14.8828125000	8.5836646363
15.0000000000	3.0268224103
15.1171875000	2.3254289702
15.2343750000	6.9336655503
15.3515625000	2.5358991445
15.4687500000	5.3881782779
15.5859375000	2.7546487176
15.7031250000	3.2281678689
15.8203125000	1.8822375825
15.9375000000	2.1696241008
16.0546875000	2.6829061025
16.1718750000	0.9502532663
16.2890625000	2.4612418901
16.4062500000	1.6027383371
16.5234375000	1.1412195377
16.6406250000	2.0927467448
16.7578125000	0.6621269428
16.8750000000	2.1633549189
16.9921875000	1.7695930806
17.1093750000	5.6455403138
17.2265625000	1.4969128788
17.3437500000	4.9066893758
17.4609375000	4.2045221719
17.5781250000	2.7022360431
17.6953125000	1.2610963227
17.8125000000	1.4662506564
17.9296875000	3.9747648233
18.0468750000	1.6674789226
18.1640625000	3.0489733454
18.2812500000	8.7137068381
18.3984375000	5.1623900158
18.5156250000	6.4577871410
18.6328125000	6.3840949552
18.7500000000	1.3198323263
18.8671875000	2.4175272459
18.9843750000	2.8086915696
19.1015625000	2.8894895666
19.2187500000	1.2384918633
19.3359375000	2.6748686977
19.4531250000	1.4284690504
19.5703125000	3.6660415349
19.6875000000	0.7931234553
19.8046875000	6.2045805776
19.9218750000	7.5866291947
20.0390625000	3.8679821784
20.1562500000	3.2513983654
20.2734375000	2.4552399484
20.3906250000	4.2251295085
20.5078125000	2.2634957738
20.6250000000	1.5586260701
20.7421875000	2.2098124913
20.8593750000	2.9816541722
20.9765625000	5.0476596954
21.0937500000	4.2565663659
21.2109375000	2.3299771172
21.3281250000	0.6978860599
21.4453125000	5.1360804416
21.5625000000	5.5397022289
21.6796875000	4.1911813051
21.7968750000	2.1662820240
21.9140625000	3.0287929829
22.0312500000	5.5746744341
22.1484375000	1.6548287598
22.2656250000	2.7865008583
22.3828125000	1.9554273078
22.5000000000	4.0179972372
22.6171875000	3.7056826781
22.7343750000	1.8483761573
22.8515625000	4.2884422018
22.9687500000	7.8080463495
23.0859375000	7.0021980485
23.2031250000	5.7049103978
23.3203125000	2.7152152723
23.4375000000	2.2413424017
23.5546875000	4.2919946978
23.6718750000	2.8336688504
23.7890625000	4.9050085943
23.9062500000	1.3075978895
24.0234375000	4.0107944348
24.1406250000	1.3514455524
24.2578125000	6.2204767210
24.3750000000	0.1870855819
24.4921875000	2.1727711403
24.6093750000	1.2731348775
24.7265625000	5.0794903259
24.8437500000	3.3167791490
24.9609375000	5.9459975977
25.0781250000	2.4287413183
25.1953125000	0.7840340825
25.3125000000	4.9693558639
25.4296875000	4.9160633781
25.5468750000	0.2967484041
25.6640625000	2.1131074954
25.7812500000	1.4380073212
25.8984375000	2.9133668873
26.0156250000	0.1947401796
26.1328125000	2.8121436826
26.2500000000	1.5318622707
26.3671875000	3.5664450353
26.4843750000	2.1788745090
26.6015625000	6.8382294367
26.7187500000	4.4128928546
26.8359375000	4.4292365677
26.9531250000	4.8264843619
27.0703125000	3.7661634697
27.1875000000	2.4887964128
27.3046875000	1.6742756413
27.4218750000	4.2005128376
27.5390625000	6.8121892209
27.6562500000	3.2122460696
27.7734375000	3.8394937915
27.8906250000	1.7450241231
28.0078125000	5.5653981598
28.1250000000	0.1227096447
28.2421875000	1.5351445310
28.3593750000	0.6554944584
28.4765625000	3.6944714049
28.5937500000	2.1403971042
28.7109375000	4.9844860294
28.8281250000	4.6018862004
28.9453125000	6.3052933352
29.0625000000	0.7348421723
29.1796875000	1.7589092308
29.2968750000	2.8871352187
29.4140625000	5.8565839937
29.5312500000	2.1984655615
29.6484375000	2.8033239475
29.7656250000	0.9531984413
29.8828125000	0.0000000000
