-30.0000000000	1.4151341823
-29.8828125000	4.7990435746
-29.7656250000	2.8793244167
-29.6484375000	3.5581402315
-29.5312500000	7.9881246418
-29.4140625000	2.2214453454
-29.2968750000	2.8984325298
-29.1796875000	2.8076435645
-29.0625000000	4.2425311585
-28.9453125000	3.0601943635
-28.8281250000	2.5965002563
-28.7109375000	6.6290256725
-28.5937500000	1.5266473405
-28.4765625000	2.0766020985
-28.3593750000	4.2608943978
-28.2421875000	6.0516936738
-28.1250000000	2.6999804608
-28.0078125000	4.6379984661
-27.8906250000	3.6979239359
-27.7734375000	3.0940585380
-27.6562500000	1.7835539466
-27.5390625000	2.6443710125
-27.4218750000	4.4470303039
-27.3046875000	1.0195768646
-27.1875000000	3.1730410617
-27.0703125000	3.7505822268
-26.9531250000	4.3362721724
-26.8359375000	3.2843636028
-26.7187500000	6.4425443854
-26.6015625000	2.0739845621
-26.4843750000	8.7949097215
-26.3671875000	4.8478584126
-26.2500000000	6.5768097271
-26.1328125000	0.7563516752
-26.0156250000	3.0897483652
-25.8984375000	5.0234470329
-25.7812500000	1.9290001760
-25.6640625000	1.7833863121
-25.5468750000	7.1156869146
-25.4296875000	1.2680452962
-25.3125000000	1.7202865764
-25.1953125000	2.4126789617
-25.0781250000	2.9251127066
-24.9609375000	3.9007819008
-24.8437500000	3.7917397694
-24.7265625000	0.7236376193
-24.6093750000	3.1301781033
-24.4921875000	2.3235257267
-24.3750000000	3.8613018113
-24.2578125000	6.6989081044
-24.1406250000	1.0020083471
-24.0234375000	4.6641234943
-23.9062500000	5.5790344676
-23.7890625000	1.8961151480
-23.6718750000	3.2566325634
-23.5546875000	9.3233259011
-23.4375000000	3.8377808288
-23.3203125000	1.6163435415
-23.2031250000	2.4964006701
-23.0859375000	2.1394033823
-22.9687500000	3.4366211870
-22.8515625000	3.8033382934
-22.7343750000	4.9696614976
-22.6171875000	2.1350072253
-22.5000000000	5.9110842394
-22.3828125000	3.8181179748
-22.2656250000	7.1391396584
-22.1484375000	1.7627907602
-22.0312500000	3.1989428030
-21.9140625000	5.0180967064
-21.7968750000	4.6215053762
-21.6796875000	3.4780536376
-21.5625000000	4.5068065875
-21.4453125000	5.5688719115
-21.3281250000	3.6698472510
-21.2109375000	1.8616467474
-21.0937500000	2.3887541069
-20.9765625000	3.0037773179
-20.8593750000	4.2442428994
-20.7421875000	5.3098170168
-20.6250000000	3.5337008507
-20.5078125000	3.3356616373
-20.3906250000	1.6887813018
-20.2734375000	5.0468223628
-20.1562500000	4.7752778184
-20.0390625000	5.2995203191
-19.9218750000	1.8659416696
-19.8046875000	3.8311170141
-19.6875000000	3.9077022213
-19.5703125000	2.5021789580
-19.4531250000	2.9681059428
-19.3359375000	1.8517547288
-19.2187500000	4.9564593102
-19.1015625000	4.9138206425
-18.9843750000	2.1973570483
-18.8671875000	1.4055003918
-18.7500000000	1.6937346891
-18.6328125000	3.3481510332
-18.5156250000	4.7351997716
-18.3984375000	1.9592183914
-18.2812500000	2.1356449748
-18.1640625000	3.0877054434
-18.0468750000	3.5933958280
-17.9296875000	4.6881371296
-17.8125000000	1.6735084411
-17.6953125000	2.7165915238
-17.5781250000	1.6972809413
-17.4609375000	5.6575333409
-17.3437500000	4.4626426690
-17.2265625000	1.4328267092
-17.1093750000	3.3224245757
-16.9921875000	4.2349245268
-16.8750000000	1.9242027981
-16.7578125000	4.1991302396
-16.6406250000	4.2443282238
-16.5234375000	0.4025280580
-16.4062500000	4.5531226340
-16.2890625000	7.3868633379
-16.1718750000	4.7952957463
-16.0546875000	6.9275034338
-15.9375000000	2.6596556422
-15.8203125000	3.5255235972
-15.7031250000	5.2659495344
-15.5859375000	2.5913152470
-15.4687500000	6.8249869455
-15.3515625000	6.7341822268
-15.2343750000	4.2335292672
-15.1171875000	1.4815932906
-15.0000000000	1.2060015865
-14.8828125000	4.5874277294
-14.7656250000	2.3240713219
-14.6484375000	5.1239299549
-14.5312500000	3.0584532691
-14.4140625000	3.4279599164
-14.2968750000	1.7416199155
-14.1796875000	5.7557959640
-14.0625000000	3.4852154043
-13.9453125000	5.7921290436
-13.8281250000	5.1542755903
-13.7109375000	7.1681054422
-13.5937500000	4.5898086627
-13.4765625000	6.1981568216
-13.3593750000	1.6273840803
-13.2421875000	9.1144153230
-13.1250000000	2.2077456104
-13.0078125000	2.1943653752
-12.8906250000	4.5104481704
-12.7734375000	4.8348420838
-12.6562500000	5.2292072009
-12.5390625000	3.5635564274
-12.4218750000	3.3559697365
-12.3046875000	4.2610562138
-12.1875000000	4.1080302244
-12.0703125000	3.9320664865
-11.9531250000	5.1385101808
-11.8359375000	7.9028954711
-11.7187500000	2.8066681343
-11.6015625000	2.9676409906
-11.4843750000	2.6608311181
-11.3671875000	5.5131989060
-11.2500000000	0.7028789079
-11.1328125000	1.9856377641
-11.0156250000	5.5983675194
-10.8984375000	6.8901351926
-10.7812500000	7.2548283243
-10.6640625000	9.7478141668
-10.5468750000	4.2548506045
-10.4296875000	6.4562106778
-10.3125000000	9.0009581069
-10.1953125000	4.0410799323
-10.0781250000	10.6544601702
-9.9609375000	5.3731593138
-9.8437500000	10.3830405050
-9.7265625000	9.2890541436
-9.6093750000	12.6541945087
-9.4921875000	6.1022317123
-9.3750000000	15.5510468626
-9.2578125000	11.9182977213
-9.1406250000	8.9582811103
-9.0234375000	9.6492256618
-8.9062500000	6.1291398725
-8.7890625000	15.5387283803
-8.6718750000	10.3432795723
-8.5546875000	10.6507134727
-8.4375000000	14.7633661071
-8.3203125000	12.2611782836
-8.2031250000	5.0948943242
-8.0859375000	12.8047169442
-7.9687500000	15.9167248200
-7.8515625000	16.2329832027
-7.7343750000	10.7720647177
-7.6171875000	17.6596001271
-7.5000000000	14.6989846786
-7.3828125000	20.1951444774
-7.2656250000	15.8466993542
-7.1484375000	21.3396459810
-7.0312500000	20.8572159993
-6.9140625000	19.4521979257
-6.7968750000	24.0213336686
-6.6796875000	27.2904596157
-6.5625000000	22.9115447269
-6.4453125000	25.4478982278
-6.3281250000	27.0120668029
-6.2109375000	32.5884579328
-6.0937500000	30.9895324935
-5.9765625000	33.9607856888
-5.8593750000	35.0851297748
-5.7421875000	33.0762247829
-5.6250000000	39.6115545614
-5.5078125000	35.9880574954
-5.3906250000	36.1603653711
-5.2734375000	38.1544267684
-5.1562500000	40.3355897753
-5.0390625000	40.5200579388
-4.9218750000	39.4287900217
-4.8046875000	39.1778630647
-4.6875000000	47.0711954019
-4.5703125000	49.4114365137
-4.4531250000	43.0662755776
-4.3359375000	52.3735080603
-4.2187500000	47.8612075426
-4.1015625000	41.8883000382
-3.9843750000	40.6925547235
-3.8671875000	40.5740855643
-3.7500000000	36.0552916122
-3.6328125000	46.2203388706
-3.5156250000	45.6975009410
-3.3984375000	46.8526265595
-3.2812500000	45.2564072832
-3.1640625000	51.8984559435
-3.0468750000	45.9942209967
-2.9296875000	48.9737647305
-2.8125000000	48.7523140147
-2.6953125000	42.5023398261
-2.5781250000	51.0850775374
-2.4609375000	45.2492645944
-2.3437500000	49.3270581827
-2.2265625000	45.5210931069
-2.1093750000	49.6899197532
-1.9921875000	47.9939693284
-1.8750000000	50.3845360204
-1.7578125000	44.6833124847
-1.6406250000	47.8229845990
-1.5234375000	49.9840328781
-1.4062500000	46.8073198377
-1.2890625000	48.9588342478
-1.1718750000	49.4550743922
-1.0546875000	51.9491275103
-0.9375000000	57.2224954863
-0.8203125000	50.0576268788
-0.7031250000	55.1847439141
-0.5859375000	45.7892513083
-0.4687500000	55.0592923387
-0.3515625000	53.7652059569
-0.2343750000	50.9183591847
-0.1171875000	59.6358845959
0.0000000000	53.7134086795
0.1171875000	60.1312140986
0.2343750000	54.2782991334
0.3515625000	58.0256549974
0.4687500000	59.2444359856
0.5859375000	51.2521189579
0.7031250000	60.9240605596
0.8203125000	62.1630055027
0.9375000000	61.4567084100
1.0546875000	59.4410452862
1.1718750000	64.4356090629
1.2890625000	65.0682368531
1.4062500000	62.7881327376
1.5234375000	66.9191690275
1.6406250000	68.4501135037
1.7578125000	69.6252940438
1.8750000000	68.2280744747
1.9921875000	74.8888150963
2.1093750000	74.7155147587
2.2265625000	76.4336216703
2.3437500000	75.9675227258
2.4609375000	76.3851566634
2.5781250000	86.6666030555
2.6953125000	90.2318582242
2.8125000000	88.4749347769
2.9296875000	92.5804661022
3.0468750000	94.5827339719
3.1640625000	93.3298732061
3.2812500000	96.5475309337
3.3984375000	99.4877352603
3.5156250000	98.6539443852
3.6328125000	104.4111431156
3.7500000000	110.2481307646
3.8671875000	110.0689433264
3.9843750000	114.3936400281
4.1015625000	115.1325472927
4.2187500000	118.7871272570
4.3359375000	115.2807716378
4.4531250000	115.0743632193
4.5703125000	117.0562353492
4.6875000000	112.9364456390
4.8046875000	112.7012459853
4.9218750000	115.7114233587
5.0390625000	119.3092560375
5.1562500000	114.9950148592
5.2734375000	115.2646895291
5.3906250000	120.8624644475
5.5078125000	119.4001303310
5.6250000000	118.3640857476
5.7421875000	114.5779355615
5.8593750000	119.4699216865
5.9765625000	115.4984736105
6.0937500000	116.4814568316
6.2109375000	116.3729481747
6.3281250000	111.0444525801
6.4453125000	115.5555948584
6.5625000000	116.4822283443
6.6796875000	117.6775592755
6.7968750000	117.2711248364
6.9140625000	115.8358414564
7.0312500000	113.1705189799
7.1484375000	121.6568654399
7.2656250000	114.9518683189
7.3828125000	118.3927962430
7.5000000000	113.7025116029
7.6171875000	114.2888634213
7.7343750000	116.3599619622
7.8515625000	112.2139778311
7.9687500000	110.4723598589
8.0859375000	110.3481784932
8.2031250000	106.5635691084
8.3203125000	91.8158247751
8.4375000000	83.2267462296
8.5546875000	76.7879216126
8.6718750000	71.1937130067
8.7890625000	65.5691102162
8.9062500000	60.7068042030
9.0234375000	59.3456339714
9.1406250000	53.9094916551
9.2578125000	44.6828376572
9.3750000000	42.7949204598
9.4921875000	40.4150751160
9.6093750000	39.3380789288
9.7265625000	28.6474827253
9.8437500000	27.9584419106
9.9609375000	26.0968346063
10.0781250000	22.4050282453
10.1953125000	21.7385138958
10.3125000000	23.4971925393
10.4296875000	19.8666494798
10.5468750000	17.2822289329
10.6640625000	20.1443355509
10.7812500000	10.6615918586
10.8984375000	7.0766753209
11.0156250000	6.0780942635
11.1328125000	10.1651003881
11.2500000000	6.3873631489
11.3671875000	9.1968849810
11.4843750000	4.6571382745
11.6015625000	1.0560377366
11.7187500000	4.1297678821
11.8359375000	7.5831658738
11.9531250000	8.5228056730
12.0703125000	2.9527804691
12.1875000000	2.6924172494
12.3046875000	5.1263019851
12.4218750000	5.0405755227
12.5390625000	6.5208742272
12.6562500000	4.2023399085
12.7734375000	2.7089135136
12.8906250000	2.2210538632
13.0078125000	5.6358189533
13.1250000000	5.4342764513
13.2421875000	3.0549967558
13.3593750000	2.4576997945
13.4765625000	5.7198863139
13.5937500000	1.4669915133
13.7109375000	1.9023029354
13.8281250000	1.4954931882
13.9453125000	2.9413887450
14.0625000000	2.1433575736
14.1796875000	2.7005009911
14.2968750000	3.3484279180
14.4140625000	1.5360761816
14.5312500000	5.2473270281
14.6484375000	1.7795515437
14.7656250000	6.4477189957
14.8828125000	5.0953655190
15.0000000000	1.9915710316
15.1171875000	3.4890292608
15.2343750000	5.3492843644
15.3515625000	2.5781102840
15.4687500000	1.3863428209
15.5859375000	2.7457265031
15.7031250000	3.6494608352
15.8203125000	2.2786308989
15.9375000000	2.7317687854
16.0546875000	6.5449236263
16.1718750000	8.3200791847
16.2890625000	5.3052388301
16.4062500000	5.7010603593
16.5234375000	6.6535907649
16.6406250000	8.1322854568
16.7578125000	3.1944977721
16.8750000000	4.3752628238
16.9921875000	3.1125763838
17.1093750000	2.0666932902
17.2265625000	3.3526955909
17.3437500000	1.0426371705
17.4609375000	3.3885578588
17.5781250000	2.2330364282
17.6953125000	4.8869804165
17.8125000000	4.2521745705
17.9296875000	1.8034651052
18.0468750000	4.2298212741
18.1640625000	7.4134018377
18.2812500000	4.5838444918
18.3984375000	3.9382132274
18.5156250000	4.8737005320
18.6328125000	1.2348646359
18.7500000000	1.3324445393
18.8671875000	2.4342900129
18.9843750000	4.5312506526
19.1015625000	2.4604793023
19.2187500000	3.0217676947
19.3359375000	4.5787386396
19.4531250000	6.8289271297
19.5703125000	3.9665859964
19.6875000000	1.6943534127
19.8046875000	2.2807282079
19.9218750000	9.5318638965
20.0390625000	3.6500019553
20.1562500000	4.6163121903
20.2734375000	2.5659782186
20.3906250000	6.6663089565
20.5078125000	5.1303878495
20.6250000000	2.3031849482
20.7421875000	2.9801298425
20.8593750000	5.5090256906
20.9765625000	6.7996009883
21.0937500000	1.6274996205
21.2109375000	4.1017235392
21.3281250000	5.8541809826
21.4453125000	3.8041248638
21.5625000000	4.3568924181
21.6796875000	3.4612686268
21.7968750000	5.1988636743
21.9140625000	2.4453869767
22.0312500000	4.8641367859
22.1484375000	1.6610262524
22.2656250000	3.6079422283
22.3828125000	0.5008791683
22.5000000000	2.3455881686
22.6171875000	0.6832964436
22.7343750000	4.4448685539
22.8515625000	2.7351652591
22.9687500000	4.3167246724
23.0859375000	2.7426647307
23.2031250000	4.1045097996
23.3203125000	1.3222880685
23.4375000000	6.0002772796
23.5546875000	4.5262170591
23.6718750000	7.7337263641
23.7890625000	0.9464363119
23.9062500000	5.8028389150
24.0234375000	3.6878097790
24.1406250000	3.7177876462
24.2578125000	3.9751523190
24.3750000000	8.8300346461
24.4921875000	1.7029849648
24.6093750000	1.1914009586
24.7265625000	4.3497227245
24.8437500000	2.8268845387
24.9609375000	4.7754014237
25.0781250000	6.4915582503
25.1953125000	6.2785340847
25.3125000000	8.5674234818
25.4296875000	3.9817546058
25.5468750000	1.5768532442
25.6640625000	2.5426031402
25.7812500000	1.0705845866
25.8984375000	5.3426535620
26.0156250000	4.5809176624
26.1328125000	3.0366053246
26.2500000000	2.0919854197
26.3671875000	2.6514151086
26.4843750000	12.5519711226
26.6015625000	7.3814551743
26.7187500000	3.3352562459
26.8359375000	6.0093009071
26.9531250000	2.4712834348
27.0703125000	2.4668365493
27.1875000000	0.5637113327
27.3046875000	2.3927143197
27.4218750000	3.8991823246
27.5390625000	3.0337330844
27.6562500000	6.9834571708
27.7734375000	5.5940710068
27.8906250000	8.1138112947
28.0078125000	6.6718405929
28.1250000000	3.6522658306
28.2421875000	3.5919666828
28.3593750000	3.8028923016
28.4765625000	1.9728939545
28.5937500000	3.3820910694
28.7109375000	2.1607232079
28.8281250000	7.7382057052
28.9453125000	6.5891963666
29.0625000000	1.8126737526
29.1796875000	2.7276352494
29.2968750000	4.1886331391
29.4140625000	1.8296897189
29.5312500000	0.5557731092
29.6484375000	3.7532021584
29.7656250000	4.6666042422
29.8828125000	0.0000000000
