-30.0000000000	4.7258235673
-29.8828125000	3.1194645004
-29.7656250000	3.2808259899
-29.6484375000	4.6692218442
-29.5312500000	1.1747818742
-29.4140625000	4.7846540584
-29.2968750000	5.8184630184
-29.1796875000	1.4892550142
-29.0625000000	1.5868808951
-28.9453125000	4.9283881466
-28.8281250000	7.2604566036
-28.7109375000	4.4897184071
-28.5937500000	4.8001506951
-28.4765625000	6.0445623634
-28.3593750000	3.9750581972
-28.2421875000	2.8141971824
-28.1250000000	7.4650404918
-28.0078125000	2.3918454437
-27.8906250000	5.0287772429
-27.7734375000	5.3792698754
-27.6562500000	2.3025926741
-27.5390625000	2.2690094511
-27.4218750000	4.8605997759
-27.3046875000	4.7690664684
-27.1875000000	4.9265060515
-27.0703125000	1.5184571281
-26.9531250000	2.0331570350
-26.8359375000	2.0846579852
-26.7187500000	2.4700539407
-26.6015625000	3.4163297103
-26.4843750000	1.2721970217
-26.3671875000	2.7990869732
-26.2500000000	4.7513262444
-26.1328125000	4.2157792531
-26.0156250000	6.7196923858
-25.8984375000	1.0328980119
-25.7812500000	3.6975882406
-25.6640625000	4.4361775072
-25.5468750000	3.3174574497
-25.4296875000	1.3419537976
-25.3125000000	2.7403539077
-25.1953125000	1.6349724114
-25.0781250000	1.8020469752
-24.9609375000	3.5640130229
-24.8437500000	0.7148054444
-24.7265625000	3.1154076597
-24.6093750000	4.6138172705
-24.4921875000	3.9606205361
-24.3750000000	1.4147993515
-24.2578125000	6.8243686203
-24.1406250000	5.0037387178
-24.0234375000	5.8894042542
-23.9062500000	3.1064113304
-23.7890625000	2.6437601019
-23.6718750000	5.5229910740
-23.5546875000	3.2990988984
-23.4375000000	1.8783489215
-23.3203125000	4.4500609279
-23.2031250000	1.5643785896
-23.0859375000	6.7578638477
-22.9687500000	4.9633367814
-22.8515625000	4.4887383105
-22.7343750000	5.2190747685
-22.6171875000	1.7148194340
-22.5000000000	4.2947184789
-22.3828125000	5.4480948553
-22.2656250000	1.3216111097
-22.1484375000	4.6999302930
-22.0312500000	4.1870780500
-21.9140625000	1.7390739815
-21.7968750000	4.4073646321
-21.6796875000	4.4755235660
-21.5625000000	6.0017022104
-21.4453125000	3.5474386729
-21.3281250000	3.9006420373
-21.2109375000	3.9913365864
-21.0937500000	5.4531730007
-20.9765625000	0.4121111391
-20.8593750000	6.6649531313
-20.7421875000	5.1070233623
-20.6250000000	2.1386235981
-20.5078125000	1.7653428754
-20.3906250000	2.7910379751
-20.2734375000	5.4500717460
-20.1562500000	4.2538594151
-20.0390625000	1.5124212401
-19.9218750000	4.4153527019
-19.8046875000	4.6729805893
-19.6875000000	4.1964575883
-19.5703125000	4.4801064880
-19.4531250000	3.8079192512
-19.3359375000	6.9303285740
-19.2187500000	1.8021522195
-19.1015625000	2.9776589414
-18.9843750000	0.7856921695
-18.8671875000	1.8441581105
-18.7500000000	2.5970151400
-18.6328125000	4.3138801445
-18.5156250000	3.6414287271
-18.3984375000	0.5468367117
-18.2812500000	3.2448263652
-18.1640625000	1.4845761947
-18.0468750000	2.1489031628
-17.9296875000	5.1365705628
-17.8125000000	2.5829501612
-17.6953125000	4.4662369005
-17.5781250000	4.4370659926
-17.4609375000	1.8992803455
-17.3437500000	1.9810813396
-17.2265625000	8.3366414905
-17.1093750000	1.5053795837
-16.9921875000	1.9210427537
-16.8750000000	7.3415750119
-16.7578125000	1.4509180734
-16.6406250000	6.3265100701
-16.5234375000	4.8286617664
-16.4062500000	6.1398517404
-16.2890625000	0.9560324969
-16.1718750000	5.1060833960
-16.0546875000	3.8443283239
-15.9375000000	1.6929527963
-15.8203125000	3.0095141732
-15.7031250000	3.2426679881
-15.5859375000	4.7793188621
-15.4687500000	6.6243434490
-15.3515625000	2.7115297770
-15.2343750000	3.2624354472
-15.1171875000	4.6154492182
-15.0000000000	2.1127051486
-14.8828125000	2.8239285181
-14.7656250000	1.6097336144
-14.6484375000	8.0116007454
-14.5312500000	2.4016918304
-14.4140625000	1.8016650882
-14.2968750000	3.8212669622
-14.1796875000	7.9482624874
-14.0625000000	1.8629834431
-13.9453125000	3.0128811077
-13.8281250000	2.1798721238
-13.7109375000	2.1052583029
-13.5937500000	3.8312775746
-13.4765625000	0.4277360368
-13.3593750000	2.6073036143
-13.2421875000	3.5502040719
-13.1250000000	5.8754972613
-13.0078125000	2.6662812543
-12.8906250000	2.2881834499
-12.7734375000	2.0415235198
-12.6562500000	2.4821945731
-12.5390625000	4.1145469073
-12.4218750000	2.3216858540
-12.3046875000	3.8234891262
-12.1875000000	3.5338887259
-12.0703125000	4.7537405508
-11.9531250000	7.0122005681
-11.8359375000	1.2357536004
-11.7187500000	3.7118624304
-11.6015625000	4.8979526224
-11.4843750000	3.3687018911
-11.3671875000	7.1699412186
-11.2500000000	3.2726894082
-11.1328125000	4.4309082178
-11.0156250000	5.3078131688
-10.8984375000	2.8542236610
-10.7812500000	5.6270983201
-10.6640625000	1.0524908505
-10.5468750000	7.2604030062
-10.4296875000	3.2236992095
-10.3125000000	4.9402111690
-10.1953125000	2.4912927817
-10.0781250000	2.0307581408
-9.9609375000	2.4311036028
-9.8437500000	3.5445840496
-9.7265625000	3.4670135729
-9.6093750000	3.3186942424
-9.4921875000	3.6534621745
-9.3750000000	1.2730066704
-9.2578125000	1.3044254114
-9.1406250000	5.5284490968
-9.0234375000	2.5493990451
-8.9062500000	5.4748604884
-8.7890625000	3.9237121237
-8.6718750000	4.0458169383
-8.5546875000	9.3599347959
-8.4375000000	4.1607415779
-8.3203125000	5.9554454890
-8.2031250000	1.9868798329
-8.0859375000	0.9431749339
-7.9687500000	0.6704078167
-7.8515625000	3.9858048763
-7.7343750000	4.5797721304
-7.6171875000	1.0353989438
-7.5000000000	4.6118041178
-7.3828125000	6.7270702806
-7.2656250000	1.7825346755
-7.1484375000	4.1316532637
-7.0312500000	6.3399548261
-6.9140625000	2.0468694052
-6.7968750000	3.3401477969
-6.6796875000	6.0924905418
-6.5625000000	5.5760896492
-6.4453125000	1.6270148083
-6.3281250000	1.2594167831
-6.2109375000	2.4458977984
-6.0937500000	2.0954790230
-5.9765625000	4.2862504281
-5.8593750000	2.0126382098
-5.7421875000	1.1395072149
-5.6250000000	2.1545309314
-5.5078125000	3.0741795776
-5.3906250000	7.9823528593
-5.2734375000	3.8992922235
-5.1562500000	2.5401818029
-5.0390625000	2.9309977982
-4.9218750000	0.8263211804
-4.8046875000	2.2686453659
-4.6875000000	6.2413051501
-4.5703125000	0.1755204827
-4.4531250000	6.9536308245
-4.3359375000	4.0994380072
-4.2187500000	3.6973867580
-4.1015625000	4.6085841995
-3.9843750000	5.0137932876
-3.8671875000	2.6984034002
-3.7500000000	8.0010785533
-3.6328125000	5.2390412523
-3.5156250000	4.5230920998
-3.3984375000	2.6709994055
-3.2812500000	3.2208476409
-3.1640625000	3.3015438976
-3.0468750000	7.0167684540
-2.9296875000	2.9146261685
-2.8125000000	6.6488339252
-2.6953125000	5.4382212925
-2.5781250000	2.9137441613
-2.4609375000	5.2351359388
-2.3437500000	5.8518005246
-2.2265625000	8.2771436462
-2.1093750000	1.1741402712
-1.9921875000	10.5780096768
-1.8750000000	14.7643462203
-1.7578125000	7.4315067947
-1.6406250000	15.1289233012
-1.5234375000	12.5485503093
-1.4062500000	12.8199901236
-1.2890625000	24.2811561043
-1.1718750000	25.7642577543
-1.0546875000	24.0623046905
-0.9375000000	23.0765358523
-0.8203125000	24.4275799713
-0.7031250000	28.2472302252
-0.5859375000	37.0422127218
-0.4687500000	33.7183722332
-0.3515625000	37.5881741727
-0.2343750000	37.2513651174
-0.1171875000	50.9798643549
0.0000000000	44.1395718829
0.1171875000	45.7391491966
0.2343750000	48.2660497104
0.3515625000	46.3706767826
0.4687500000	48.9538867143
0.5859375000	50.5850247491
0.7031250000	50.6835188965
0.8203125000	50.8458293188
0.9375000000	57.4648936416
1.0546875000	60.9664507405
1.1718750000	63.9598773800
1.2890625000	59.7537878631
1.4062500000	65.3357786155
1.5234375000	69.7245546111
1.6406250000	75.2347604357
1.7578125000	72.3551058578
1.8750000000	80.2133702203
1.9921875000	76.1581494153
2.1093750000	83.0893350497
2.2265625000	82.3584558550
2.3437500000	80.3565258551
2.4609375000	81.7586636464
2.5781250000	84.8949985745
2.6953125000	81.5970952151
2.8125000000	82.1706315967
2.9296875000	79.8136833098
3.0468750000	84.1264176824
3.1640625000	80.8968602879
3.2812500000	87.6996047798
3.3984375000	84.9570712709
3.5156250000	87.9793245597
3.6328125000	87.4583158226
3.7500000000	85.4602861354
3.8671875000	81.2760892035
3.9843750000	85.7029820810
4.1015625000	88.4446037531
4.2187500000	85.3860204148
4.3359375000	87.6622058322
4.4531250000	88.8630858191
4.5703125000	87.9631347107
4.6875000000	88.9007906189
4.8046875000	89.6232686502
4.9218750000	86.9784049561
5.0390625000	86.7915024232
5.1562500000	89.2903878963
5.2734375000	86.2764190653
5.3906250000	87.5544748153
5.5078125000	88.7653413148
5.6250000000	86.0929076271
5.7421875000	83.3243504133
5.8593750000	86.9791460311
5.9765625000	86.4225318427
6.0937500000	82.9246764590
6.2109375000	84.8601504069
6.3281250000	83.2512943407
6.4453125000	86.2958344118
6.5625000000	89.3187754884
6.6796875000	84.5563126469
6.7968750000	79.7243444974
6.9140625000	83.7738138165
7.0312500000	86.6979933513
7.1484375000	84.8624965896
7.2656250000	81.9538582796
7.3828125000	85.8226556273
7.5000000000	88.1468862734
7.6171875000	88.3438521754
7.7343750000	84.2397163535
7.8515625000	86.0430421735
7.9687500000	84.3289193471
8.0859375000	81.7392704773
8.2031250000	84.5637711062
8.3203125000	80.6644802179
8.4375000000	86.6300494393
8.5546875000	82.1696596221
8.6718750000	89.9355012242
8.7890625000	85.0999200295
8.9062500000	81.0501085019
9.0234375000	81.1301081648
9.1406250000	83.6645060902
9.2578125000	84.6802238097
9.3750000000	81.0297671103
9.4921875000	78.0363768647
9.6093750000	81.0040457434
9.7265625000	82.8871963949
9.8437500000	82.3342978840
9.9609375000	76.5398884887
10.0781250000	71.5361715639
10.1953125000	69.7562585401
10.3125000000	61.3395975665
10.4296875000	58.5162040333
10.5468750000	51.5783155999
10.6640625000	44.5747660415
10.7812500000	47.6801464583
10.8984375000	41.6186289768
11.0156250000	34.0701861893
11.1328125000	32.8290962957
11.2500000000	29.1812814086
11.3671875000	30.7345345217
11.4843750000	29.4320733876
11.6015625000	25.0330916319
11.7187500000	23.5807082222
11.8359375000	15.7010832205
11.9531250000	18.5252798463
12.0703125000	17.7530176038
12.1875000000	12.6273784062
12.3046875000	9.2858882386
12.4218750000	12.3534113985
12.5390625000	8.8879957847
12.6562500000	14.3157865158
12.7734375000	12.6934547744
12.8906250000	8.7485037100
13.0078125000	6.2499381709
13.1250000000	5.3247792829
13.2421875000	6.9858086347
13.3593750000	7.7682375061
13.4765625000	6.4576110365
13.5937500000	2.9846768563
13.7109375000	2.4368687020
13.8281250000	2.8804881059
13.9453125000	3.1448668800
14.0625000000	1.5838394458
14.1796875000	4.7528962754
14.2968750000	5.7620091398
14.4140625000	3.2307642845
14.5312500000	5.5170452061
14.6484375000	2.8647376228
14.7656250000	1.9506467034
14.8828125000	4.3036092938
15.0000000000	6.7730214250
15.1171875000	5.1471118040
15.2343750000	1.8427730680
15.3515625000	5.1941643271
15.4687500000	3.8707933083
15.5859375000	8.0745424268
15.7031250000	1.6518548092
15.8203125000	2.2060069448
15.9375000000	8.2076697759
16.0546875000	5.9245780118
16.1718750000	3.0121681398
16.2890625000	3.4074662966
16.4062500000	1.6374808205
16.5234375000	4.2192520397
16.6406250000	2.8330849874
16.7578125000	4.9066807448
16.8750000000	4.7588624447
16.9921875000	1.3220536881
17.1093750000	0.6057695208
17.2265625000	5.6344675196
17.3437500000	3.5079555340
17.4609375000	3.1833261666
17.5781250000	4.1251678744
17.6953125000	7.2454063407
17.8125000000	4.4278710269
17.9296875000	4.3923646630
18.0468750000	2.4987491720
18.1640625000	4.2676834697
18.2812500000	1.3524488858
18.3984375000	5.3743889354
18.5156250000	6.4009662193
18.6328125000	1.3186010605
18.7500000000	2.4950293345
18.8671875000	2.9227381431
18.9843750000	4.4624640794
19.1015625000	2.7354659082
19.2187500000	2.9790807268
19.3359375000	7.1032298403
19.4531250000	2.1487612719
19.5703125000	3.0250281165
19.6875000000	0.5074923038
19.8046875000	2.6691464426
19.9218750000	2.9191965426
20.0390625000	6.0778979162
20.1562500000	1.2154633628
20.2734375000	1.9823718474
20.3906250000	0.6626124695
20.5078125000	2.6936952547
20.6250000000	5.3513375288
20.7421875000	4.9204931580
20.8593750000	3.1899596347
20.9765625000	2.7021934661
21.0937500000	5.0122085897
21.2109375000	5.5775493065
21.3281250000	0.6016096378
21.4453125000	4.1429026097
21.5625000000	4.9339081936
21.6796875000	5.0042099608
21.7968750000	4.6573963910
21.9140625000	5.9257728502
22.0312500000	2.5234225585
22.1484375000	2.9004436365
22.2656250000	5.4391997894
22.3828125000	3.2151329299
22.5000000000	3.4099346738
22.6171875000	2.6751786096
22.7343750000	5.9831224914
22.8515625000	4.6500263790
22.9687500000	2.6395404661
23.0859375000	4.8432139098
23.2031250000	4.2134715858
23.3203125000	1.5857148696
23.4375000000	2.6619806023
23.5546875000	6.4844218662
23.6718750000	1.4059991047
23.7890625000	0.6901274150
23.9062500000	3.1717788578
24.0234375000	2.2153419810
24.1406250000	1.6040355407
24.2578125000	5.4056570095
24.3750000000	0.5787250211
24.4921875000	1.2910677969
24.6093750000	6.2022238541
24.7265625000	7.2179085199
24.8437500000	0.4415193385
24.9609375000	3.6930564333
25.0781250000	0.9691199728
25.1953125000	2.6815139303
25.3125000000	3.8505723024
25.4296875000	6.7861009932
25.5468750000	2.8175156351
25.6640625000	4.6192486574
25.7812500000	4.3269574914
25.8984375000	3.7949199197
26.0156250000	3.9487805996
26.1328125000	2.4191616687
26.2500000000	3.9887910686
26.3671875000	1.8482968560
26.4843750000	4.0000959001
26.6015625000	7.4948500167
26.7187500000	3.1878317051
26.8359375000	3.8571046764
26.9531250000	0.5116175992
27.0703125000	4.1901295644
27.1875000000	7.1931367160
27.3046875000	2.3840927478
27.4218750000	1.4324639264
27.5390625000	6.0619077952
27.6562500000	5.5534710450
27.7734375000	3.1073768647
27.8906250000	4.1882072942
28.0078125000	6.6565470165
28.1250000000	3.3474954110
28.2421875000	3.4560569587
28.3593750000	5.5741090075
28.4765625000	4.6687164674
28.5937500000	3.7651593517
28.7109375000	1.4603293283
28.8281250000	1.2717207625
28.9453125000	1.0591613556
29.0625000000	3.4387223240
29.1796875000	4.1741896307
29.2968750000	2.7154606924
29.4140625000	6.1622266422
29.5312500000	1.3868638620
29.6484375000	4.3869907947
29.7656250000	7.8817283311
29.8828125000	0.0000000000
