-4.815192218619731648e+02
-1.720470127326150759e+03
-9.704347826086952409e+03
6.282970297029706671e+03
3.451960784313725981e+03
2.747698744769873883e+03
2.623675086676572846e+03
2.858563273073264099e+03
3.802716468590831482e+03
5.455832721936902999e+03
7.719034090909089173e+03
9.893854748603349435e+03
1.364579172610556816e+04
1.649147909967846135e+04
2.286401673640166700e+04
3.943673469387758087e+04
-2.040749999999922700e+06
-1.937500000000000000e+04
-2.938699551569506639e+03
-2.814511799695075752e+03
-2.634572864321607994e+03
-2.634572864321607994e+03
