2496
10,000	0,004
12,000	0,122
14,000	0,005
16,000	0,087
18,000	0,005
20,000	0,067
22,000	0,003
24,000	0,055
26,000	0,003
28,000	0,047
30,000	0,004
32,000	0,040
34,000	0,004
36,000	0,035
38,000	0,002
40,000	0,033
42,000	0,004
44,000	0,029
46,000	0,003
48,000	0,028
50,000	0,008
52,000	0,018
54,000	0,004
56,000	0,023
58,000	0,002
60,000	0,022
62,000	0,003
64,000	0,020
66,000	0,002
68,000	0,020
70,000	0,003
72,000	0,019
74,000	0,004
76,000	0,017
78,000	0,003
80,000	0,016
82,000	0,002
84,000	0,017
86,000	0,004
88,000	0,014
90,000	0,004
92,000	0,013
94,000	0,003
96,000	0,013
98,000	0,002
100,000	0,012
102,000	0,001
104,000	0,013
106,000	0,002
108,000	0,013
110,000	0,003
112,000	0,012
114,000	0,003
116,000	0,012
118,000	0,003
120,000	0,012
122,000	0,003
124,000	0,011
126,000	0,003
128,000	0,011
130,000	0,003
132,000	0,011
134,000	0,003
136,000	0,012
138,000	0,004
140,000	0,011
142,000	0,003
144,000	0,011
146,000	0,004
148,000	0,010
150,000	0,001
152,000	0,012
154,000	0,005
156,000	0,010
158,000	0,005
160,000	0,009
162,000	0,004
164,000	0,009
166,000	0,004
168,000	0,009
170,000	0,003
172,000	0,009
174,000	0,003
176,000	0,010
178,000	0,005
180,000	0,009
182,000	0,005
184,000	0,007
186,000	0,003
188,000	0,009
190,000	0,004
192,000	0,009
194,000	0,004
196,000	0,009
198,000	0,004
200,000	0,009
202,000	0,003
204,000	0,009
206,000	0,005
208,000	0,008
210,000	0,005
212,000	0,008
214,000	0,003
216,000	0,009
218,000	0,004
220,000	0,008
222,000	0,004
224,000	0,009
226,000	0,005
228,000	0,009
230,000	0,004
232,000	0,008
234,000	0,005
236,000	0,009
238,000	0,004
240,000	0,008
242,000	0,004
244,000	0,009
246,000	0,006
248,000	0,008
250,000	0,005
252,000	0,011
254,000	0,005
256,000	0,009
258,000	0,005
260,000	0,009
262,000	0,005
264,000	0,010
266,000	0,006
268,000	0,009
270,000	0,005
272,000	0,009
274,000	0,005
276,000	0,010
278,000	0,008
280,000	0,012
282,000	0,008
284,000	0,010
286,000	0,007
288,000	0,011
290,000	0,010
292,000	0,012
294,000	0,010
296,000	0,013
298,000	0,010
300,000	0,016
302,000	0,015
304,000	0,018
306,000	0,018
308,000	0,015
310,000	0,011
312,000	0,005
314,000	0,004
316,000	0,004
318,000	0,003
320,000	0,006
322,000	0,004
324,000	0,007
326,000	0,004
328,000	0,006
330,000	0,004
332,000	0,007
334,000	0,006
336,000	0,008
338,000	0,006
340,000	0,010
342,000	0,008
344,000	0,010
346,000	0,007
348,000	0,011
350,000	0,008
352,000	0,011
354,000	0,009
356,000	0,012
358,000	0,009
360,000	0,012
362,000	0,009
364,000	0,011
366,000	0,009
368,000	0,010
370,000	0,008
372,000	0,010
374,000	0,008
376,000	0,010
378,000	0,009
380,000	0,012
382,000	0,008
384,000	0,010
386,000	0,008
388,000	0,012
390,000	0,010
392,000	0,014
394,000	0,012
396,000	0,014
398,000	0,013
400,000	0,015
402,000	0,013
404,000	0,014
406,000	0,013
408,000	0,017
410,000	0,015
412,000	0,018
414,000	0,017
416,000	0,019
418,000	0,017
420,000	0,018
422,000	0,016
424,000	0,017
426,000	0,015
428,000	0,016
430,000	0,014
432,000	0,016
434,000	0,014
436,000	0,017
438,000	0,017
440,000	0,017
442,000	0,018
444,000	0,020
446,000	0,020
448,000	0,020
450,000	0,014
452,000	0,011
454,000	0,010
456,000	0,016
458,000	0,013
460,000	0,014
462,000	0,017
464,000	0,024
466,000	0,028
468,000	0,035
470,000	0,034
472,000	0,037
474,000	0,036
476,000	0,037
478,000	0,035
480,000	0,037
482,000	0,040
484,000	0,047
486,000	0,052
488,000	0,058
490,000	0,061
492,000	0,064
494,000	0,063
496,000	0,066
498,000	0,069
500,000	0,083
502,000	0,100
504,000	0,124
506,000	0,150
508,000	0,183
510,000	0,213
512,000	0,244
514,000	0,282
516,000	0,329
518,000	0,369
520,000	0,403
522,000	0,372
524,000	0,267
526,000	0,188
528,000	0,137
530,000	0,123
532,000	0,113
534,000	0,112
536,000	0,104
538,000	0,100
540,000	0,087
542,000	0,078
544,000	0,065
546,000	0,057
548,000	0,049
550,000	0,051
552,000	0,051
554,000	0,053
556,000	0,051
558,000	0,048
560,000	0,042
562,000	0,040
564,000	0,032
566,000	0,033
568,000	0,034
570,000	0,039
572,000	0,039
574,000	0,044
576,000	0,043
578,000	0,044
580,000	0,039
582,000	0,038
584,000	0,034
586,000	0,035
588,000	0,036
590,000	0,031
592,000	0,026
594,000	0,022
596,000	0,021
598,000	0,023
600,000	0,022
602,000	0,023
604,000	0,021
606,000	0,022
608,000	0,020
610,000	0,021
612,000	0,019
614,000	0,019
616,000	0,017
618,000	0,016
620,000	0,015
622,000	0,015
624,000	0,014
626,000	0,014
628,000	0,013
630,000	0,015
632,000	0,016
634,000	0,016
636,000	0,016
638,000	0,015
640,000	0,012
642,000	0,013
644,000	0,011
646,000	0,012
648,000	0,011
650,000	0,013
652,000	0,014
654,000	0,014
656,000	0,011
658,000	0,013
660,000	0,012
662,000	0,013
664,000	0,013
666,000	0,013
668,000	0,011
670,000	0,011
672,000	0,009
674,000	0,010
676,000	0,008
678,000	0,010
680,000	0,007
682,000	0,009
684,000	0,009
686,000	0,010
688,000	0,008
690,000	0,009
692,000	0,008
694,000	0,009
696,000	0,009
698,000	0,010
700,000	0,010
702,000	0,009
704,000	0,008
706,000	0,010
708,000	0,009
710,000	0,009
712,000	0,007
714,000	0,009
716,000	0,008
718,000	0,010
720,000	0,005
722,000	0,012
724,000	0,008
726,000	0,007
728,000	0,009
730,000	0,009
732,000	0,008
734,000	0,006
736,000	0,010
738,000	0,016
740,000	0,015
742,000	0,015
744,000	0,013
746,000	0,011
748,000	0,009
750,000	0,012
752,000	0,010
754,000	0,011
756,000	0,010
758,000	0,010
760,000	0,010
762,000	0,010
764,000	0,010
766,000	0,010
768,000	0,009
770,000	0,009
772,000	0,008
774,000	0,010
776,000	0,008
778,000	0,009
780,000	0,008
782,000	0,007
784,000	0,008
786,000	0,008
788,000	0,007
790,000	0,007
792,000	0,007
794,000	0,007
796,000	0,008
798,000	0,008
800,000	0,007
802,000	0,007
804,000	0,006
806,000	0,008
808,000	0,007
810,000	0,007
812,000	0,007
814,000	0,008
816,000	0,007
818,000	0,007
820,000	0,008
822,000	0,008
824,000	0,006
826,000	0,007
828,000	0,006
830,000	0,007
832,000	0,008
834,000	0,007
836,000	0,006
838,000	0,007
840,000	0,005
842,000	0,007
844,000	0,006
846,000	0,006
848,000	0,006
850,000	0,006
852,000	0,006
854,000	0,007
856,000	0,006
858,000	0,006
860,000	0,005
862,000	0,005
864,000	0,006
866,000	0,007
868,000	0,006
870,000	0,007
872,000	0,006
874,000	0,006
876,000	0,005
878,000	0,007
880,000	0,005
882,000	0,006
884,000	0,005
886,000	0,006
888,000	0,006
890,000	0,005
892,000	0,005
894,000	0,005
896,000	0,004
898,000	0,005
900,000	0,005
902,000	0,005
904,000	0,005
906,000	0,005
908,000	0,005
910,000	0,005
912,000	0,005
914,000	0,004
916,000	0,004
918,000	0,004
920,000	0,004
922,000	0,005
924,000	0,004
926,000	0,004
928,000	0,004
930,000	0,004
932,000	0,004
934,000	0,005
936,000	0,004
938,000	0,005
940,000	0,004
942,000	0,005
944,000	0,005
946,000	0,006
948,000	0,004
950,000	0,003
952,000	0,003
954,000	0,005
956,000	0,004
958,000	0,006
960,000	0,005
962,000	0,004
964,000	0,004
966,000	0,004
968,000	0,004
970,000	0,004
972,000	0,004
974,000	0,005
976,000	0,004
978,000	0,005
980,000	0,004
982,000	0,005
984,000	0,004
986,000	0,005
988,000	0,004
990,000	0,004
992,000	0,004
994,000	0,004
996,000	0,005
998,000	0,005
1000,000	0,004
1002,000	0,004
1004,000	0,004
1006,000	0,004
1008,000	0,004
1010,000	0,004
1012,000	0,004
1014,000	0,005
1016,000	0,004
1018,000	0,004
1020,000	0,004
1022,000	0,005
1024,000	0,005
1026,000	0,004
1028,000	0,003
1030,000	0,004
1032,000	0,004
1034,000	0,005
1036,000	0,005
1038,000	0,004
1040,000	0,004
1042,000	0,002
1044,000	0,002
1046,000	0,004
1048,000	0,003
1050,000	0,004
1052,000	0,004
1054,000	0,003
1056,000	0,004
1058,000	0,003
1060,000	0,004
1062,000	0,003
1064,000	0,003
1066,000	0,004
1068,000	0,004
1070,000	0,003
1072,000	0,004
1074,000	0,003
1076,000	0,003
1078,000	0,004
1080,000	0,004
1082,000	0,003
1084,000	0,003
1086,000	0,004
1088,000	0,004
1090,000	0,004
1092,000	0,004
1094,000	0,004
1096,000	0,004
1098,000	0,003
1100,000	0,003
1102,000	0,003
1104,000	0,003
1106,000	0,003
1108,000	0,003
1110,000	0,004
1112,000	0,003
1114,000	0,003
1116,000	0,003
1118,000	0,003
1120,000	0,004
1122,000	0,004
1124,000	0,003
1126,000	0,004
1128,000	0,003
1130,000	0,003
1132,000	0,004
1134,000	0,003
1136,000	0,003
1138,000	0,003
1140,000	0,003
1142,000	0,003
1144,000	0,004
1146,000	0,003
1148,000	0,003
1150,000	0,002
1152,000	0,003
1154,000	0,003
1156,000	0,003
1158,000	0,003
1160,000	0,004
1162,000	0,003
1164,000	0,003
1166,000	0,002
1168,000	0,003
1170,000	0,002
1172,000	0,002
1174,000	0,003
1176,000	0,003
1178,000	0,002
1180,000	0,002
1182,000	0,002
1184,000	0,003
1186,000	0,003
1188,000	0,003
1190,000	0,002
1192,000	0,002
1194,000	0,003
1196,000	0,003
1198,000	0,003
1200,000	0,004
1202,000	0,003
1204,000	0,004
1206,000	0,002
1208,000	0,003
1210,000	0,002
1212,000	0,003
1214,000	0,002
1216,000	0,002
1218,000	0,003
1220,000	0,003
1222,000	0,003
1224,000	0,003
1226,000	0,003
1228,000	0,002
1230,000	0,003
1232,000	0,003
1234,000	0,003
1236,000	0,003
1238,000	0,002
1240,000	0,002
1242,000	0,004
1244,000	0,003
1246,000	0,003
1248,000	0,003
1250,000	0,003
1252,000	0,003
1254,000	0,003
1256,000	0,003
1258,000	0,003
1260,000	0,003
1262,000	0,002
1264,000	0,003
1266,000	0,002
1268,000	0,002
1270,000	0,003
1272,000	0,003
1274,000	0,003
1276,000	0,002
1278,000	0,003
1280,000	0,003
1282,000	0,002
1284,000	0,002
1286,000	0,002
1288,000	0,002
1290,000	0,003
1292,000	0,003
1294,000	0,002
1296,000	0,002
1298,000	0,002
1300,000	0,003
1302,000	0,003
1304,000	0,002
1306,000	0,003
1308,000	0,003
1310,000	0,002
1312,000	0,003
1314,000	0,003
1316,000	0,002
1318,000	0,003
1320,000	0,003
1322,000	0,003
1324,000	0,003
1326,000	0,003
1328,000	0,002
1330,000	0,003
1332,000	0,003
1334,000	0,003
1336,000	0,003
1338,000	0,002
1340,000	0,003
1342,000	0,002
1344,000	0,003
1346,000	0,002
1348,000	0,003
1350,000	0,003
1352,000	0,003
1354,000	0,003
1356,000	0,003
1358,000	0,002
1360,000	0,002
1362,000	0,003
1364,000	0,002
1366,000	0,003
1368,000	0,003
1370,000	0,002
1372,000	0,003
1374,000	0,002
1376,000	0,002
1378,000	0,003
1380,000	0,002
1382,000	0,002
1384,000	0,003
1386,000	0,002
1388,000	0,002
1390,000	0,002
1392,000	0,002
1394,000	0,003
1396,000	0,002
1398,000	0,002
1400,000	0,002
1402,000	0,002
1404,000	0,002
1406,000	0,002
1408,000	0,003
1410,000	0,002
1412,000	0,002
1414,000	0,003
1416,000	0,002
1418,000	0,002
1420,000	0,002
1422,000	0,002
1424,000	0,003
1426,000	0,001
1428,000	0,002
1430,000	0,002
1432,000	0,002
1434,000	0,002
1436,000	0,001
1438,000	0,003
1440,000	0,002
1442,000	0,003
1444,000	0,002
1446,000	0,002
1448,000	0,002
1450,000	0,002
1452,000	0,002
1454,000	0,002
1456,000	0,002
1458,000	0,002
1460,000	0,002
1462,000	0,002
1464,000	0,002
1466,000	0,002
1468,000	0,002
1470,000	0,002
1472,000	0,002
1474,000	0,003
1476,000	0,002
1478,000	0,003
1480,000	0,002
1482,000	0,002
1484,000	0,004
1486,000	0,002
1488,000	0,001
1490,000	0,002
1492,000	0,003
1494,000	0,001
1496,000	0,002
1498,000	0,002
1500,000	0,003
1502,000	0,002
1504,000	0,001
1506,000	0,003
1508,000	0,002
1510,000	0,002
1512,000	0,002
1514,000	0,002
1516,000	0,002
1518,000	0,002
1520,000	0,002
1522,000	0,002
1524,000	0,002
1526,000	0,002
1528,000	0,002
1530,000	0,002
1532,000	0,002
1534,000	0,002
1536,000	0,003
1538,000	0,002
1540,000	0,002
1542,000	0,001
1544,000	0,002
1546,000	0,002
1548,000	0,002
1550,000	0,001
1552,000	0,002
1554,000	0,001
1556,000	0,002
1558,000	0,002
1560,000	0,002
1562,000	0,003
1564,000	0,003
1566,000	0,002
1568,000	0,003
1570,000	0,002
1572,000	0,002
1574,000	0,002
1576,000	0,002
1578,000	0,002
1580,000	0,002
1582,000	0,002
1584,000	0,003
1586,000	0,002
1588,000	0,002
1590,000	0,002
1592,000	0,002
1594,000	0,002
1596,000	0,002
1598,000	0,001
1600,000	0,002
1602,000	0,003
1604,000	0,002
1606,000	0,003
1608,000	0,002
1610,000	0,001
1612,000	0,002
1614,000	0,001
1616,000	0,002
1618,000	0,002
1620,000	0,002
1622,000	0,001
1624,000	0,002
1626,000	0,002
1628,000	0,002
1630,000	0,002
1632,000	0,002
1634,000	0,002
1636,000	0,002
1638,000	0,002
1640,000	0,002
1642,000	0,001
1644,000	0,002
1646,000	0,002
1648,000	0,002
1650,000	0,002
1652,000	0,002
1654,000	0,001
1656,000	0,002
1658,000	0,001
1660,000	0,002
1662,000	0,002
1664,000	0,002
1666,000	0,002
1668,000	0,003
1670,000	0,002
1672,000	0,002
1674,000	0,002
1676,000	0,001
1678,000	0,003
1680,000	0,002
1682,000	0,002
1684,000	0,001
1686,000	0,002
1688,000	0,002
1690,000	0,002
1692,000	0,002
1694,000	0,002
1696,000	0,002
1698,000	0,002
1700,000	0,002
1702,000	0,002
1704,000	0,002
1706,000	0,002
1708,000	0,001
1710,000	0,001
1712,000	0,002
1714,000	0,001
1716,000	0,001
1718,000	0,001
1720,000	0,001
1722,000	0,001
1724,000	0,001
1726,000	0,002
1728,000	0,002
1730,000	0,001
1732,000	0,002
1734,000	0,002
1736,000	0,002
1738,000	0,002
1740,000	0,001
1742,000	0,001
1744,000	0,001
1746,000	0,002
1748,000	0,002
1750,000	0,002
1752,000	0,001
1754,000	0,002
1756,000	0,002
1758,000	0,002
1760,000	0,002
1762,000	0,002
1764,000	0,002
1766,000	0,002
1768,000	0,001
1770,000	0,001
1772,000	0,001
1774,000	0,001
1776,000	0,002
1778,000	0,002
1780,000	0,002
1782,000	0,002
1784,000	0,002
1786,000	0,002
1788,000	0,002
1790,000	0,002
1792,000	0,002
1794,000	0,002
1796,000	0,002
1798,000	0,002
1800,000	0,002
1802,000	0,002
1804,000	0,002
1806,000	0,001
1808,000	0,002
1810,000	0,002
1812,000	0,002
1814,000	0,001
1816,000	0,002
1818,000	0,002
1820,000	0,001
1822,000	0,001
1824,000	0,002
1826,000	0,001
1828,000	0,002
1830,000	0,001
1832,000	0,002
1834,000	0,001
1836,000	0,002
1838,000	0,002
1840,000	0,002
1842,000	0,001
1844,000	0,001
1846,000	0,002
1848,000	0,001
1850,000	0,002
1852,000	0,003
1854,000	0,001
1856,000	0,001
1858,000	0,002
1860,000	0,002
1862,000	0,002
1864,000	0,002
1866,000	0,001
1868,000	0,001
1870,000	0,002
1872,000	0,002
1874,000	0,002
1876,000	0,002
1878,000	0,002
1880,000	0,002
1882,000	0,001
1884,000	0,002
1886,000	0,002
1888,000	0,002
1890,000	0,001
1892,000	0,001
1894,000	0,002
1896,000	0,002
1898,000	0,001
1900,000	0,002
1902,000	0,001
1904,000	0,002
1906,000	0,002
1908,000	0,002
1910,000	0,001
1912,000	0,001
1914,000	0,002
1916,000	0,002
1918,000	0,002
1920,000	0,002
1922,000	0,002
1924,000	0,001
1926,000	0,001
1928,000	0,001
1930,000	0,001
1932,000	0,001
1934,000	0,002
1936,000	0,002
1938,000	0,002
1940,000	0,002
1942,000	0,001
1944,000	0,001
1946,000	0,001
1948,000	0,001
1950,000	0,002
1952,000	0,002
1954,000	0,001
1956,000	0,002
1958,000	0,001
1960,000	0,002
1962,000	0,002
1964,000	0,002
1966,000	0,001
1968,000	0,002
1970,000	0,002
1972,000	0,002
1974,000	0,001
1976,000	0,002
1978,000	0,001
1980,000	0,002
1982,000	0,001
1984,000	0,002
1986,000	0,001
1988,000	0,002
1990,000	0,001
1992,000	0,002
1994,000	0,000
1996,000	0,001
1998,000	0,001
2000,000	0,001
2002,000	0,001
2004,000	0,002
2006,000	0,002
2008,000	0,001
2010,000	0,002
2012,000	0,002
2014,000	0,001
2016,000	0,002
2018,000	0,002
2020,000	0,002
2022,000	0,001
2024,000	0,001
2026,000	0,002
2028,000	0,002
2030,000	0,001
2032,000	0,002
2034,000	0,001
2036,000	0,002
2038,000	0,001
2040,000	0,002
2042,000	0,001
2044,000	0,001
2046,000	0,001
2048,000	0,002
2050,000	0,002
2052,000	0,001
2054,000	0,002
2056,000	0,001
2058,000	0,002
2060,000	0,002
2062,000	0,002
2064,000	0,002
2066,000	0,001
2068,000	0,002
2070,000	0,002
2072,000	0,002
2074,000	0,001
2076,000	0,002
2078,000	0,001
2080,000	0,001
2082,000	0,002
2084,000	0,002
2086,000	0,002
2088,000	0,002
2090,000	0,001
2092,000	0,002
2094,000	0,001
2096,000	0,002
2098,000	0,002
2100,000	0,001
2102,000	0,002
2104,000	0,002
2106,000	0,001
2108,000	0,002
2110,000	0,001
2112,000	0,002
2114,000	0,002
2116,000	0,001
2118,000	0,001
2120,000	0,002
2122,000	0,001
2124,000	0,001
2126,000	0,001
2128,000	0,002
2130,000	0,002
2132,000	0,001
2134,000	0,001
2136,000	0,001
2138,000	0,001
2140,000	0,002
2142,000	0,001
2144,000	0,002
2146,000	0,001
2148,000	0,001
2150,000	0,001
2152,000	0,002
2154,000	0,001
2156,000	0,002
2158,000	0,001
2160,000	0,002
2162,000	0,001
2164,000	0,001
2166,000	0,001
2168,000	0,002
2170,000	0,001
2172,000	0,002
2174,000	0,001
2176,000	0,001
2178,000	0,001
2180,000	0,001
2182,000	0,001
2184,000	0,002
2186,000	0,001
2188,000	0,000
2190,000	0,001
2192,000	0,002
2194,000	0,001
2196,000	0,002
2198,000	0,002
2200,000	0,000
2202,000	0,001
2204,000	0,001
2206,000	0,002
2208,000	0,001
2210,000	0,002
2212,000	0,002
2214,000	0,002
2216,000	0,002
2218,000	0,002
2220,000	0,001
2222,000	0,001
2224,000	0,001
2226,000	0,002
2228,000	0,003
2230,000	0,001
2232,000	0,002
2234,000	0,001
2236,000	0,002
2238,000	0,001
2240,000	0,002
2242,000	0,001
2244,000	0,001
2246,000	0,001
2248,000	0,002
2250,000	0,001
2252,000	0,001
2254,000	0,001
2256,000	0,001
2258,000	0,001
2260,000	0,002
2262,000	0,001
2264,000	0,002
2266,000	0,001
2268,000	0,001
2270,000	0,001
2272,000	0,002
2274,000	0,001
2276,000	0,001
2278,000	0,001
2280,000	0,001
2282,000	0,001
2284,000	0,002
2286,000	0,001
2288,000	0,001
2290,000	0,001
2292,000	0,001
2294,000	0,001
2296,000	0,001
2298,000	0,001
2300,000	0,001
2302,000	0,001
2304,000	0,002
2306,000	0,001
2308,000	0,001
2310,000	0,001
2312,000	0,001
2314,000	0,001
2316,000	0,002
2318,000	0,001
2320,000	0,002
2322,000	0,001
2324,000	0,002
2326,000	0,001
2328,000	0,001
2330,000	0,001
2332,000	0,001
2334,000	0,002
2336,000	0,001
2338,000	0,001
2340,000	0,001
2342,000	0,001
2344,000	0,001
2346,000	0,001
2348,000	0,002
2350,000	0,001
2352,000	0,002
2354,000	0,001
2356,000	0,001
2358,000	0,001
2360,000	0,001
2362,000	0,002
2364,000	0,002
2366,000	0,001
2368,000	0,001
2370,000	0,002
2372,000	0,002
2374,000	0,000
2376,000	0,001
2378,000	0,001
2380,000	0,001
2382,000	0,000
2384,000	0,001
2386,000	0,002
2388,000	0,001
2390,000	0,001
2392,000	0,002
2394,000	0,001
2396,000	0,002
2398,000	0,001
2400,000	0,001
2402,000	0,001
2404,000	0,002
2406,000	0,001
2408,000	0,001
2410,000	0,001
2412,000	0,001
2414,000	0,001
2416,000	0,001
2418,000	0,001
2420,000	0,001
2422,000	0,001
2424,000	0,002
2426,000	0,001
2428,000	0,001
2430,000	0,001
2432,000	0,002
2434,000	0,001
2436,000	0,001
2438,000	0,001
2440,000	0,002
2442,000	0,001
2444,000	0,001
2446,000	0,001
2448,000	0,002
2450,000	0,000
2452,000	0,002
2454,000	0,001
2456,000	0,001
2458,000	0,001
2460,000	0,001
2462,000	0,001
2464,000	0,002
2466,000	0,001
2468,000	0,001
2470,000	0,000
2472,000	0,001
2474,000	0,001
2476,000	0,002
2478,000	0,001
2480,000	0,001
2482,000	0,001
2484,000	0,001
2486,000	0,001
2488,000	0,001
2490,000	0,000
2492,000	0,001
2494,000	0,001
2496,000	0,002
2498,000	0,001
2500,000	0,002
2502,000	0,002
2504,000	0,001
2506,000	0,001
2508,000	0,001
2510,000	0,001
2512,000	0,002
2514,000	0,001
2516,000	0,001
2518,000	0,001
2520,000	0,001
2522,000	0,001
2524,000	0,001
2526,000	0,001
2528,000	0,001
2530,000	0,002
2532,000	0,002
2534,000	0,001
2536,000	0,001
2538,000	0,001
2540,000	0,002
2542,000	0,001
2544,000	0,001
2546,000	0,001
2548,000	0,002
2550,000	0,001
2552,000	0,001
2554,000	0,001
2556,000	0,001
2558,000	0,001
2560,000	0,001
2562,000	0,000
2564,000	0,001
2566,000	0,001
2568,000	0,001
2570,000	0,002
2572,000	0,002
2574,000	0,001
2576,000	0,002
2578,000	0,001
2580,000	0,001
2582,000	0,001
2584,000	0,001
2586,000	0,001
2588,000	0,002
2590,000	0,001
2592,000	0,002
2594,000	0,000
2596,000	0,002
2598,000	0,001
2600,000	0,001
2602,000	0,000
2604,000	0,001
2606,000	0,000
2608,000	0,001
2610,000	0,001
2612,000	0,001
2614,000	0,000
2616,000	0,001
2618,000	0,001
2620,000	0,002
2622,000	0,001
2624,000	0,001
2626,000	0,000
2628,000	0,001
2630,000	0,001
2632,000	0,002
2634,000	0,001
2636,000	0,001
2638,000	0,001
2640,000	0,001
2642,000	0,001
2644,000	0,001
2646,000	0,001
2648,000	0,001
2650,000	0,001
2652,000	0,001
2654,000	0,001
2656,000	0,001
2658,000	0,000
2660,000	0,001
2662,000	0,001
2664,000	0,002
2666,000	0,001
2668,000	0,001
2670,000	0,001
2672,000	0,001
2674,000	0,001
2676,000	0,002
2678,000	0,001
2680,000	0,001
2682,000	0,001
2684,000	0,001
2686,000	0,001
2688,000	0,001
2690,000	0,001
2692,000	0,001
2694,000	0,001
2696,000	0,001
2698,000	0,001
2700,000	0,001
2702,000	0,001
2704,000	0,001
2706,000	0,001
2708,000	0,001
2710,000	0,000
2712,000	0,002
2714,000	0,001
2716,000	0,001
2718,000	0,001
2720,000	0,001
2722,000	0,000
2724,000	0,001
2726,000	0,001
2728,000	0,001
2730,000	0,001
2732,000	0,002
2734,000	0,001
2736,000	0,001
2738,000	0,000
2740,000	0,001
2742,000	0,001
2744,000	0,000
2746,000	0,001
2748,000	0,001
2750,000	0,001
2752,000	0,001
2754,000	0,001
2756,000	0,001
2758,000	0,000
2760,000	0,001
2762,000	0,001
2764,000	0,001
2766,000	0,001
2768,000	0,001
2770,000	0,001
2772,000	0,001
2774,000	0,001
2776,000	0,001
2778,000	0,001
2780,000	0,001
2782,000	0,001
2784,000	0,001
2786,000	0,001
2788,000	0,001
2790,000	0,001
2792,000	0,001
2794,000	0,001
2796,000	0,002
2798,000	0,001
2800,000	0,001
2802,000	0,000
2804,000	0,001
2806,000	0,001
2808,000	0,001
2810,000	0,001
2812,000	0,001
2814,000	0,000
2816,000	0,001
2818,000	0,001
2820,000	0,001
2822,000	0,001
2824,000	0,001
2826,000	0,001
2828,000	0,001
2830,000	0,001
2832,000	0,001
2834,000	0,000
2836,000	0,001
2838,000	0,001
2840,000	0,001
2842,000	0,001
2844,000	0,001
2846,000	0,001
2848,000	0,002
2850,000	0,001
2852,000	0,002
2854,000	0,001
2856,000	0,001
2858,000	0,000
2860,000	0,001
2862,000	0,001
2864,000	0,002
2866,000	0,001
2868,000	0,001
2870,000	0,001
2872,000	0,001
2874,000	0,001
2876,000	0,001
2878,000	0,001
2880,000	0,001
2882,000	0,001
2884,000	0,001
2886,000	0,000
2888,000	0,001
2890,000	0,001
2892,000	0,001
2894,000	0,001
2896,000	0,001
2898,000	0,000
2900,000	0,000
2902,000	0,001
2904,000	0,001
2906,000	0,001
2908,000	0,001
2910,000	0,001
2912,000	0,001
2914,000	0,001
2916,000	0,001
2918,000	0,001
2920,000	0,002
2922,000	0,001
2924,000	0,001
2926,000	0,001
2928,000	0,002
2930,000	0,000
2932,000	0,001
2934,000	0,001
2936,000	0,002
2938,000	0,001
2940,000	0,002
2942,000	0,001
2944,000	0,005
2946,000	0,007
2948,000	0,005
2950,000	0,000
2952,000	0,002
2954,000	0,001
2956,000	0,001
2958,000	0,001
2960,000	0,001
2962,000	0,001
2964,000	0,002
2966,000	0,001
2968,000	0,001
2970,000	0,000
2972,000	0,001
2974,000	0,001
2976,000	0,001
2978,000	0,001
2980,000	0,001
2982,000	0,000
2984,000	0,001
2986,000	0,000
2988,000	0,001
2990,000	0,001
2992,000	0,001
2994,000	0,000
2996,000	0,001
2998,000	0,001
3000,000	0,001
3002,000	0,001
3004,000	0,001
3006,000	0,001
3008,000	0,001
3010,000	0,001
3012,000	0,001
3014,000	0,000
3016,000	0,001
3018,000	0,001
3020,000	0,001
3022,000	0,001
3024,000	0,001
3026,000	0,000
3028,000	0,001
3030,000	0,000
3032,000	0,001
3034,000	0,001
3036,000	0,001
3038,000	0,000
3040,000	0,001
3042,000	0,000
3044,000	0,001
3046,000	0,001
3048,000	0,001
3050,000	0,001
3052,000	0,001
3054,000	0,001
3056,000	0,001
3058,000	0,000
3060,000	0,001
3062,000	0,001
3064,000	0,001
3066,000	0,001
3068,000	0,001
3070,000	0,001
3072,000	0,001
3074,000	0,001
3076,000	0,001
3078,000	0,001
3080,000	0,001
3082,000	0,000
3084,000	0,000
3086,000	0,001
3088,000	0,001
3090,000	0,001
3092,000	0,002
3094,000	0,001
3096,000	0,001
3098,000	0,000
3100,000	0,001
3102,000	0,001
3104,000	0,001
3106,000	0,001
3108,000	0,001
3110,000	0,001
3112,000	0,001
3114,000	0,000
3116,000	0,001
3118,000	0,001
3120,000	0,001
3122,000	0,001
3124,000	0,001
3126,000	0,000
3128,000	0,001
3130,000	0,000
3132,000	0,001
3134,000	0,000
3136,000	0,001
3138,000	0,001
3140,000	0,001
3142,000	0,001
3144,000	0,002
3146,000	0,001
3148,000	0,001
3150,000	0,000
3152,000	0,001
3154,000	0,000
3156,000	0,001
3158,000	0,000
3160,000	0,001
3162,000	0,000
3164,000	0,001
3166,000	0,001
3168,000	0,001
3170,000	0,001
3172,000	0,001
3174,000	0,000
3176,000	0,001
3178,000	0,001
3180,000	0,001
3182,000	0,000
3184,000	0,001
3186,000	0,001
3188,000	0,001
3190,000	0,000
3192,000	0,001
3194,000	0,000
3196,000	0,001
3198,000	0,001
3200,000	0,002
3202,000	0,001
3204,000	0,001
3206,000	0,000
3208,000	0,001
3210,000	0,001
3212,000	0,001
3214,000	0,000
3216,000	0,001
3218,000	0,001
3220,000	0,001
3222,000	0,001
3224,000	0,001
3226,000	0,001
3228,000	0,001
3230,000	0,001
3232,000	0,001
3234,000	0,001
3236,000	0,001
3238,000	0,001
3240,000	0,001
3242,000	0,001
3244,000	0,001
3246,000	0,000
3248,000	0,001
3250,000	0,001
3252,000	0,001
3254,000	0,000
3256,000	0,001
3258,000	0,001
3260,000	0,001
3262,000	0,000
3264,000	0,001
3266,000	0,001
3268,000	0,001
3270,000	0,001
3272,000	0,000
3274,000	0,001
3276,000	0,001
3278,000	0,001
3280,000	0,001
3282,000	0,001
3284,000	0,001
3286,000	0,001
3288,000	0,001
3290,000	0,001
3292,000	0,001
3294,000	0,000
3296,000	0,001
3298,000	0,001
3300,000	0,001
3302,000	0,000
3304,000	0,001
3306,000	0,001
3308,000	0,002
3310,000	0,001
3312,000	0,001
3314,000	0,001
3316,000	0,001
3318,000	0,000
3320,000	0,001
3322,000	0,001
3324,000	0,001
3326,000	0,001
3328,000	0,001
3330,000	0,001
3332,000	0,001
3334,000	0,001
3336,000	0,001
3338,000	0,000
3340,000	0,001
3342,000	0,001
3344,000	0,001
3346,000	0,001
3348,000	0,001
3350,000	0,001
3352,000	0,001
3354,000	0,001
3356,000	0,001
3358,000	0,000
3360,000	0,001
3362,000	0,001
3364,000	0,001
3366,000	0,001
3368,000	0,001
3370,000	0,001
3372,000	0,001
3374,000	0,000
3376,000	0,001
3378,000	0,000
3380,000	0,001
3382,000	0,000
3384,000	0,000
3386,000	0,001
3388,000	0,001
3390,000	0,001
3392,000	0,001
3394,000	0,000
3396,000	0,001
3398,000	0,001
3400,000	0,001
3402,000	0,001
3404,000	0,001
3406,000	0,001
3408,000	0,001
3410,000	0,000
3412,000	0,000
3414,000	0,001
3416,000	0,001
3418,000	0,000
3420,000	0,000
3422,000	0,001
3424,000	0,001
3426,000	0,000
3428,000	0,001
3430,000	0,000
3432,000	0,001
3434,000	0,001
3436,000	0,001
3438,000	0,001
3440,000	0,001
3442,000	0,001
3444,000	0,001
3446,000	0,001
3448,000	0,001
3450,000	0,000
3452,000	0,001
3454,000	0,001
3456,000	0,001
3458,000	0,000
3460,000	0,001
3462,000	0,001
3464,000	0,001
3466,000	0,001
3468,000	0,001
3470,000	0,001
3472,000	0,001
3474,000	0,001
3476,000	0,001
3478,000	0,000
3480,000	0,001
3482,000	0,000
3484,000	0,001
3486,000	0,000
3488,000	0,001
3490,000	0,001
3492,000	0,001
3494,000	0,001
3496,000	0,001
3498,000	0,000
3500,000	0,001
3502,000	0,001
3504,000	0,001
3506,000	0,000
3508,000	0,001
3510,000	0,000
3512,000	0,002
3514,000	0,001
3516,000	0,001
3518,000	0,000
3520,000	0,001
3522,000	0,001
3524,000	0,000
3526,000	0,001
3528,000	0,001
3530,000	0,000
3532,000	0,001
3534,000	0,001
3536,000	0,001
3538,000	0,001
3540,000	0,001
3542,000	0,001
3544,000	0,001
3546,000	0,001
3548,000	0,002
3550,000	0,001
3552,000	0,000
3554,000	0,001
3556,000	0,001
3558,000	0,002
3560,000	0,001
3562,000	0,000
3564,000	0,000
3566,000	0,001
3568,000	0,001
3570,000	0,000
3572,000	0,001
3574,000	0,001
3576,000	0,000
3578,000	0,001
3580,000	0,001
3582,000	0,001
3584,000	0,000
3586,000	0,001
3588,000	0,001
3590,000	0,001
3592,000	0,001
3594,000	0,001
3596,000	0,001
3598,000	0,000
3600,000	0,001
3602,000	0,000
3604,000	0,001
3606,000	0,001
3608,000	0,001
3610,000	0,000
3612,000	0,001
3614,000	0,000
3616,000	0,001
3618,000	0,001
3620,000	0,001
3622,000	0,001
3624,000	0,001
3626,000	0,001
3628,000	0,002
3630,000	0,001
3632,000	0,001
3634,000	0,001
3636,000	0,001
3638,000	0,000
3640,000	0,001
3642,000	0,001
3644,000	0,001
3646,000	0,000
3648,000	0,001
3650,000	0,001
3652,000	0,001
3654,000	0,001
3656,000	0,001
3658,000	0,001
3660,000	0,000
3662,000	0,000
3664,000	0,000
3666,000	0,001
3668,000	0,001
3670,000	0,000
3672,000	0,000
3674,000	0,000
3676,000	0,001
3678,000	0,001
3680,000	0,001
3682,000	0,001
3684,000	0,001
3686,000	0,001
3688,000	0,001
3690,000	0,001
3692,000	0,001
3694,000	0,001
3696,000	0,002
3698,000	0,000
3700,000	0,001
3702,000	0,000
3704,000	0,001
3706,000	0,000
3708,000	0,001
3710,000	0,000
3712,000	0,000
3714,000	0,001
3716,000	0,002
3718,000	0,001
3720,000	0,001
3722,000	0,001
3724,000	0,001
3726,000	0,001
3728,000	0,001
3730,000	0,000
3732,000	0,001
3734,000	0,000
3736,000	0,001
3738,000	0,001
3740,000	0,001
3742,000	0,000
3744,000	0,001
3746,000	0,000
3748,000	0,001
3750,000	0,000
3752,000	0,001
3754,000	0,001
3756,000	0,001
3758,000	0,001
3760,000	0,001
3762,000	0,001
3764,000	0,000
3766,000	0,001
3768,000	0,001
3770,000	0,000
3772,000	0,001
3774,000	0,000
3776,000	0,001
3778,000	0,001
3780,000	0,001
3782,000	0,000
3784,000	0,001
3786,000	0,001
3788,000	0,001
3790,000	0,001
3792,000	0,001
3794,000	0,000
3796,000	0,001
3798,000	0,001
3800,000	0,001
3802,000	0,000
3804,000	0,001
3806,000	0,000
3808,000	0,001
3810,000	0,001
3812,000	0,000
3814,000	0,000
3816,000	0,000
3818,000	0,001
3820,000	0,001
3822,000	0,001
3824,000	0,001
3826,000	0,001
3828,000	0,001
3830,000	0,000
3832,000	0,001
3834,000	0,000
3836,000	0,001
3838,000	0,000
3840,000	0,001
3842,000	0,000
3844,000	0,001
3846,000	0,001
3848,000	0,001
3850,000	0,000
3852,000	0,001
3854,000	0,001
3856,000	0,001
3858,000	0,001
3860,000	0,001
3862,000	0,001
3864,000	0,001
3866,000	0,001
3868,000	0,001
3870,000	0,001
3872,000	0,001
3874,000	0,001
3876,000	0,001
3878,000	0,001
3880,000	0,001
3882,000	0,000
3884,000	0,001
3886,000	0,000
3888,000	0,001
3890,000	0,000
3892,000	0,001
3894,000	0,001
3896,000	0,001
3898,000	0,001
3900,000	0,000
3902,000	0,001
3904,000	0,001
3906,000	0,000
3908,000	0,001
3910,000	0,000
3912,000	0,001
3914,000	0,001
3916,000	0,001
3918,000	0,000
3920,000	0,001
3922,000	0,000
3924,000	0,001
3926,000	0,000
3928,000	0,001
3930,000	0,001
3932,000	0,000
3934,000	0,001
3936,000	0,001
3938,000	0,000
3940,000	0,001
3942,000	0,000
3944,000	0,001
3946,000	0,001
3948,000	0,001
3950,000	0,000
3952,000	0,001
3954,000	0,001
3956,000	0,001
3958,000	0,001
3960,000	0,001
3962,000	0,000
3964,000	0,001
3966,000	0,000
3968,000	0,001
3970,000	0,001
3972,000	0,001
3974,000	0,001
3976,000	0,000
3978,000	0,001
3980,000	0,001
3982,000	0,001
3984,000	0,001
3986,000	0,000
3988,000	0,001
3990,000	0,000
3992,000	0,001
3994,000	0,001
3996,000	0,000
3998,000	0,000
4000,000	0,001
4002,000	0,000
4004,000	0,001
4006,000	0,000
4008,000	0,000
4010,000	0,001
4012,000	0,001
4014,000	0,000
4016,000	0,001
4018,000	0,000
4020,000	0,001
4022,000	0,000
4024,000	0,001
4026,000	0,001
4028,000	0,001
4030,000	0,000
4032,000	0,001
4034,000	0,000
4036,000	0,001
4038,000	0,001
4040,000	0,000
4042,000	0,000
4044,000	0,000
4046,000	0,000
4048,000	0,001
4050,000	0,001
4052,000	0,001
4054,000	0,001
4056,000	0,001
4058,000	0,000
4060,000	0,001
4062,000	0,001
4064,000	0,001
4066,000	0,000
4068,000	0,001
4070,000	0,001
4072,000	0,001
4074,000	0,000
4076,000	0,000
4078,000	0,000
4080,000	0,000
4082,000	0,000
4084,000	0,001
4086,000	0,000
4088,000	0,000
4090,000	0,001
4092,000	0,001
4094,000	0,000
4096,000	0,001
4098,000	0,001
4100,000	0,001
4102,000	0,000
4104,000	0,001
4106,000	0,000
4108,000	0,001
4110,000	0,001
4112,000	0,002
4114,000	0,003
4116,000	0,001
4118,000	0,001
4120,000	0,001
4122,000	0,001
4124,000	0,002
4126,000	0,001
4128,000	0,001
4130,000	0,001
4132,000	0,001
4134,000	0,000
4136,000	0,001
4138,000	0,001
4140,000	0,001
4142,000	0,000
4144,000	0,000
4146,000	0,001
4148,000	0,001
4150,000	0,000
4152,000	0,000
4154,000	0,001
4156,000	0,001
4158,000	0,000
4160,000	0,001
4162,000	0,000
4164,000	0,001
4166,000	0,000
4168,000	0,001
4170,000	0,001
4172,000	0,001
4174,000	0,001
4176,000	0,001
4178,000	0,001
4180,000	0,001
4182,000	0,001
4184,000	0,001
4186,000	0,000
4188,000	0,001
4190,000	0,001
4192,000	0,001
4194,000	0,001
4196,000	0,001
4198,000	0,001
4200,000	0,001
4202,000	0,000
4204,000	0,001
4206,000	0,000
4208,000	0,001
4210,000	0,000
4212,000	0,001
4214,000	0,001
4216,000	0,001
4218,000	0,001
4220,000	0,001
4222,000	0,000
4224,000	0,001
4226,000	0,001
4228,000	0,001
4230,000	0,001
4232,000	0,001
4234,000	0,000
4236,000	0,001
4238,000	0,001
4240,000	0,001
4242,000	0,000
4244,000	0,001
4246,000	0,000
4248,000	0,001
4250,000	0,001
4252,000	0,000
4254,000	0,000
4256,000	0,001
4258,000	0,001
4260,000	0,000
4262,000	0,001
4264,000	0,001
4266,000	0,000
4268,000	0,001
4270,000	0,001
4272,000	0,001
4274,000	0,000
4276,000	0,000
4278,000	0,000
4280,000	0,001
4282,000	0,000
4284,000	0,001
4286,000	0,001
4288,000	0,000
4290,000	0,001
4292,000	0,001
4294,000	0,000
4296,000	0,000
4298,000	0,000
4300,000	0,000
4302,000	0,001
4304,000	0,001
4306,000	0,000
4308,000	0,001
4310,000	0,000
4312,000	0,001
4314,000	0,000
4316,000	0,001
4318,000	0,000
4320,000	0,001
4322,000	0,001
4324,000	0,001
4326,000	0,000
4328,000	0,000
4330,000	0,001
4332,000	0,001
4334,000	0,000
4336,000	0,001
4338,000	0,000
4340,000	0,001
4342,000	0,001
4344,000	0,001
4346,000	0,000
4348,000	0,001
4350,000	0,001
4352,000	0,001
4354,000	0,001
4356,000	0,000
4358,000	0,000
4360,000	0,001
4362,000	0,000
4364,000	0,001
4366,000	0,000
4368,000	0,000
4370,000	0,000
4372,000	0,001
4374,000	0,000
4376,000	0,000
4378,000	0,001
4380,000	0,001
4382,000	0,001
4384,000	0,001
4386,000	0,001
4388,000	0,001
4390,000	0,000
4392,000	0,001
4394,000	0,001
4396,000	0,001
4398,000	0,000
4400,000	0,001
4402,000	0,001
4404,000	0,001
4406,000	0,001
4408,000	0,002
4410,000	0,001
4412,000	0,001
4414,000	0,000
4416,000	0,000
4418,000	0,000
4420,000	0,001
4422,000	0,001
4424,000	0,001
4426,000	0,000
4428,000	0,001
4430,000	0,000
4432,000	0,001
4434,000	0,000
4436,000	0,000
4438,000	0,001
4440,000	0,000
4442,000	0,001
4444,000	0,001
4446,000	0,001
4448,000	0,001
4450,000	0,000
4452,000	0,001
4454,000	0,000
4456,000	0,001
4458,000	0,000
4460,000	0,001
4462,000	0,000
4464,000	0,001
4466,000	0,000
4468,000	0,001
4470,000	0,001
4472,000	0,001
4474,000	0,001
4476,000	0,001
4478,000	0,000
4480,000	0,001
4482,000	0,001
4484,000	0,001
4486,000	0,001
4488,000	0,001
4490,000	0,001
4492,000	0,001
4494,000	0,000
4496,000	0,001
4498,000	0,000
4500,000	0,001
4502,000	0,000
4504,000	0,000
4506,000	0,000
4508,000	0,001
4510,000	0,000
4512,000	0,000
4514,000	0,000
4516,000	0,001
4518,000	0,000
4520,000	0,001
4522,000	0,000
4524,000	0,001
4526,000	0,000
4528,000	0,001
4530,000	0,001
4532,000	0,001
4534,000	0,001
4536,000	0,001
4538,000	0,000
4540,000	0,001
4542,000	0,001
4544,000	0,000
4546,000	0,000
4548,000	0,001
4550,000	0,000
4552,000	0,001
4554,000	0,001
4556,000	0,001
4558,000	0,000
4560,000	0,001
4562,000	0,001
4564,000	0,001
4566,000	0,001
4568,000	0,001
4570,000	0,000
4572,000	0,001
4574,000	0,001
4576,000	0,000
4578,000	0,000
4580,000	0,001
4582,000	0,001
4584,000	0,001
4586,000	0,000
4588,000	0,001
4590,000	0,000
4592,000	0,001
4594,000	0,001
4596,000	0,001
4598,000	0,000
4600,000	0,001
4602,000	0,000
4604,000	0,001
4606,000	0,001
4608,000	0,001
4610,000	0,000
4612,000	0,001
4614,000	0,000
4616,000	0,001
4618,000	0,000
4620,000	0,001
4622,000	0,000
4624,000	0,001
4626,000	0,000
4628,000	0,001
4630,000	0,000
4632,000	0,001
4634,000	0,000
4636,000	0,001
4638,000	0,001
4640,000	0,001
4642,000	0,001
4644,000	0,001
4646,000	0,001
4648,000	0,001
4650,000	0,001
4652,000	0,000
4654,000	0,000
4656,000	0,000
4658,000	0,001
4660,000	0,001
4662,000	0,000
4664,000	0,001
4666,000	0,000
4668,000	0,001
4670,000	0,001
4672,000	0,000
4674,000	0,001
4676,000	0,001
4678,000	0,000
4680,000	0,001
4682,000	0,001
4684,000	0,000
4686,000	0,000
4688,000	0,001
4690,000	0,001
4692,000	0,001
4694,000	0,001
4696,000	0,000
4698,000	0,001
4700,000	0,001
4702,000	0,001
4704,000	0,000
4706,000	0,000
4708,000	0,001
4710,000	0,000
4712,000	0,001
4714,000	0,001
4716,000	0,001
4718,000	0,001
4720,000	0,001
4722,000	0,001
4724,000	0,001
4726,000	0,000
4728,000	0,000
4730,000	0,001
4732,000	0,001
4734,000	0,001
4736,000	0,001
4738,000	0,000
4740,000	0,001
4742,000	0,001
4744,000	0,001
4746,000	0,001
4748,000	0,001
4750,000	0,000
4752,000	0,001
4754,000	0,000
4756,000	0,001
4758,000	0,001
4760,000	0,000
4762,000	0,000
4764,000	0,001
4766,000	0,001
4768,000	0,000
4770,000	0,001
4772,000	0,001
4774,000	0,001
4776,000	0,001
4778,000	0,001
4780,000	0,001
4782,000	0,000
4784,000	0,001
4786,000	0,000
4788,000	0,001
4790,000	0,000
4792,000	0,001
4794,000	0,001
4796,000	0,000
4798,000	0,001
4800,000	0,001
4802,000	0,001
4804,000	0,001
4806,000	0,001
4808,000	0,001
4810,000	0,000
4812,000	0,001
4814,000	0,000
4816,000	0,000
4818,000	0,000
4820,000	0,000
4822,000	0,000
4824,000	0,001
4826,000	0,000
4828,000	0,001
4830,000	0,001
4832,000	0,001
4834,000	0,001
4836,000	0,000
4838,000	0,000
4840,000	0,000
4842,000	0,000
4844,000	0,000
4846,000	0,001
4848,000	0,001
4850,000	0,000
4852,000	0,001
4854,000	0,000
4856,000	0,001
4858,000	0,000
4860,000	0,001
4862,000	0,001
4864,000	0,001
4866,000	0,000
4868,000	0,001
4870,000	0,001
4872,000	0,001
4874,000	0,001
4876,000	0,002
4878,000	0,001
4880,000	0,001
4882,000	0,001
4884,000	0,001
4886,000	0,001
4888,000	0,002
4890,000	0,001
4892,000	0,002
4894,000	0,003
4896,000	0,004
4898,000	0,008
4900,000	0,007
4902,000	0,003
4904,000	0,002
4906,000	0,001
4908,000	0,002
4910,000	0,001
4912,000	0,000
4914,000	0,001
4916,000	0,001
4918,000	0,001
4920,000	0,001
4922,000	0,001
4924,000	0,001
4926,000	0,000
4928,000	0,000
4930,000	0,001
4932,000	0,001
4934,000	0,000
4936,000	0,000
4938,000	0,000
4940,000	0,001
4942,000	0,000
4944,000	0,001
4946,000	0,000
4948,000	0,001
4950,000	0,000
4952,000	0,000
4954,000	0,000
4956,000	0,001
4958,000	0,000
4960,000	0,001
4962,000	0,000
4964,000	0,001
4966,000	0,001
4968,000	0,001
4970,000	0,001
4972,000	0,001
4974,000	0,001
4976,000	0,001
4978,000	0,001
4980,000	0,000
4982,000	0,000
4984,000	0,001
4986,000	0,001
4988,000	0,001
4990,000	0,000
4992,000	0,001
4994,000	0,001
4996,000	0,001
4998,000	0,001
5000,000	0,001
