2496
10,000	0,001
12,000	0,115
14,000	0,001
16,000	0,082
18,000	0,001
20,000	0,064
22,000	0,001
24,000	0,052
26,000	0,001
28,000	0,045
30,000	0,001
32,000	0,038
34,000	0,002
36,000	0,033
38,000	0,001
40,000	0,031
42,000	0,002
44,000	0,027
46,000	0,002
48,000	0,025
50,000	0,006
52,000	0,016
54,000	0,005
56,000	0,022
58,000	0,001
60,000	0,019
62,000	0,001
64,000	0,018
66,000	0,000
68,000	0,017
70,000	0,001
72,000	0,016
74,000	0,000
76,000	0,015
78,000	0,001
80,000	0,016
82,000	0,001
84,000	0,014
86,000	0,001
88,000	0,015
90,000	0,001
92,000	0,013
94,000	0,001
96,000	0,012
98,000	0,001
100,000	0,011
102,000	0,001
104,000	0,013
106,000	0,001
108,000	0,012
110,000	0,001
112,000	0,011
114,000	0,001
116,000	0,010
118,000	0,000
120,000	0,010
122,000	0,000
124,000	0,010
126,000	0,000
128,000	0,010
130,000	0,001
132,000	0,009
134,000	0,001
136,000	0,009
138,000	0,001
140,000	0,009
142,000	0,001
144,000	0,009
146,000	0,001
148,000	0,009
150,000	0,001
152,000	0,010
154,000	0,004
156,000	0,008
158,000	0,001
160,000	0,008
162,000	0,001
164,000	0,008
166,000	0,001
168,000	0,007
170,000	0,001
172,000	0,008
174,000	0,001
176,000	0,008
178,000	0,001
180,000	0,007
182,000	0,002
184,000	0,006
186,000	0,001
188,000	0,007
190,000	0,001
192,000	0,008
194,000	0,002
196,000	0,006
198,000	0,001
200,000	0,007
202,000	0,002
204,000	0,006
206,000	0,002
208,000	0,005
210,000	0,002
212,000	0,006
214,000	0,001
216,000	0,006
218,000	0,001
220,000	0,005
222,000	0,001
224,000	0,005
226,000	0,001
228,000	0,006
230,000	0,001
232,000	0,005
234,000	0,002
236,000	0,006
238,000	0,001
240,000	0,005
242,000	0,000
244,000	0,006
246,000	0,001
248,000	0,005
250,000	0,001
252,000	0,008
254,000	0,004
256,000	0,005
258,000	0,002
260,000	0,005
262,000	0,002
264,000	0,005
266,000	0,002
268,000	0,005
270,000	0,002
272,000	0,006
274,000	0,001
276,000	0,005
278,000	0,001
280,000	0,005
282,000	0,002
284,000	0,004
286,000	0,002
288,000	0,005
290,000	0,001
292,000	0,005
294,000	0,001
296,000	0,006
298,000	0,002
300,000	0,004
302,000	0,000
304,000	0,005
306,000	0,001
308,000	0,006
310,000	0,002
312,000	0,004
314,000	0,001
316,000	0,005
318,000	0,002
320,000	0,005
322,000	0,002
324,000	0,005
326,000	0,001
328,000	0,005
330,000	0,002
332,000	0,004
334,000	0,002
336,000	0,004
338,000	0,001
340,000	0,004
342,000	0,001
344,000	0,004
346,000	0,001
348,000	0,006
350,000	0,003
352,000	0,005
354,000	0,003
356,000	0,005
358,000	0,003
360,000	0,004
362,000	0,002
364,000	0,005
366,000	0,002
368,000	0,004
370,000	0,002
372,000	0,005
374,000	0,003
376,000	0,004
378,000	0,003
380,000	0,005
382,000	0,004
384,000	0,005
386,000	0,002
388,000	0,004
390,000	0,002
392,000	0,005
394,000	0,002
396,000	0,004
398,000	0,003
400,000	0,007
402,000	0,004
404,000	0,006
406,000	0,003
408,000	0,006
410,000	0,003
412,000	0,005
414,000	0,003
416,000	0,005
418,000	0,003
420,000	0,006
422,000	0,004
424,000	0,007
426,000	0,005
428,000	0,006
430,000	0,004
432,000	0,007
434,000	0,005
436,000	0,007
438,000	0,006
440,000	0,007
442,000	0,006
444,000	0,007
446,000	0,005
448,000	0,007
450,000	0,006
452,000	0,007
454,000	0,007
456,000	0,009
458,000	0,008
460,000	0,010
462,000	0,009
464,000	0,010
466,000	0,011
468,000	0,013
470,000	0,012
472,000	0,016
474,000	0,016
476,000	0,021
478,000	0,024
480,000	0,026
482,000	0,044
484,000	0,044
486,000	0,028
488,000	0,018
490,000	0,013
492,000	0,009
494,000	0,008
496,000	0,004
498,000	0,006
500,000	0,002
502,000	0,005
504,000	0,002
506,000	0,003
508,000	0,001
510,000	0,002
512,000	0,002
514,000	0,002
516,000	0,003
518,000	0,002
520,000	0,004
522,000	0,003
524,000	0,003
526,000	0,002
528,000	0,003
530,000	0,002
532,000	0,003
534,000	0,001
536,000	0,004
538,000	0,003
540,000	0,005
542,000	0,004
544,000	0,006
546,000	0,004
548,000	0,006
550,000	0,005
552,000	0,008
554,000	0,007
556,000	0,008
558,000	0,009
560,000	0,010
562,000	0,010
564,000	0,011
566,000	0,013
568,000	0,014
570,000	0,016
572,000	0,018
574,000	0,023
576,000	0,023
578,000	0,038
580,000	0,048
582,000	0,034
584,000	0,018
586,000	0,015
588,000	0,008
590,000	0,010
592,000	0,005
594,000	0,006
596,000	0,001
598,000	0,003
600,000	0,003
602,000	0,004
604,000	0,004
606,000	0,005
608,000	0,007
610,000	0,008
612,000	0,013
614,000	0,015
616,000	0,024
618,000	0,025
620,000	0,036
622,000	0,060
624,000	0,050
626,000	0,032
628,000	0,026
630,000	0,019
632,000	0,017
634,000	0,015
636,000	0,014
638,000	0,013
640,000	0,011
642,000	0,010
644,000	0,009
646,000	0,009
648,000	0,008
650,000	0,009
652,000	0,008
654,000	0,008
656,000	0,006
658,000	0,007
660,000	0,006
662,000	0,006
664,000	0,006
666,000	0,007
668,000	0,006
670,000	0,007
672,000	0,005
674,000	0,005
676,000	0,004
678,000	0,004
680,000	0,003
682,000	0,005
684,000	0,004
686,000	0,005
688,000	0,005
690,000	0,005
692,000	0,004
694,000	0,005
696,000	0,003
698,000	0,004
700,000	0,004
702,000	0,004
704,000	0,004
706,000	0,004
708,000	0,006
710,000	0,005
712,000	0,004
714,000	0,004
716,000	0,003
718,000	0,004
720,000	0,004
722,000	0,003
724,000	0,002
726,000	0,004
728,000	0,004
730,000	0,003
732,000	0,004
734,000	0,003
736,000	0,003
738,000	0,004
740,000	0,003
742,000	0,003
744,000	0,002
746,000	0,002
748,000	0,002
750,000	0,003
752,000	0,003
754,000	0,002
756,000	0,002
758,000	0,003
760,000	0,002
762,000	0,002
764,000	0,002
766,000	0,003
768,000	0,002
770,000	0,003
772,000	0,003
774,000	0,003
776,000	0,003
778,000	0,002
780,000	0,003
782,000	0,003
784,000	0,002
786,000	0,002
788,000	0,002
790,000	0,003
792,000	0,003
794,000	0,003
796,000	0,002
798,000	0,002
800,000	0,002
802,000	0,002
804,000	0,001
806,000	0,002
808,000	0,001
810,000	0,002
812,000	0,002
814,000	0,003
816,000	0,002
818,000	0,002
820,000	0,002
822,000	0,002
824,000	0,002
826,000	0,002
828,000	0,003
830,000	0,002
832,000	0,002
834,000	0,002
836,000	0,001
838,000	0,002
840,000	0,001
842,000	0,002
844,000	0,002
846,000	0,002
848,000	0,001
850,000	0,002
852,000	0,002
854,000	0,001
856,000	0,001
858,000	0,002
860,000	0,001
862,000	0,002
864,000	0,001
866,000	0,003
868,000	0,002
870,000	0,002
872,000	0,002
874,000	0,001
876,000	0,002
878,000	0,002
880,000	0,001
882,000	0,002
884,000	0,002
886,000	0,002
888,000	0,002
890,000	0,001
892,000	0,002
894,000	0,002
896,000	0,001
898,000	0,002
900,000	0,003
902,000	0,003
904,000	0,002
906,000	0,001
908,000	0,001
910,000	0,002
912,000	0,002
914,000	0,001
916,000	0,001
918,000	0,002
920,000	0,002
922,000	0,002
924,000	0,002
926,000	0,002
928,000	0,002
930,000	0,002
932,000	0,002
934,000	0,002
936,000	0,001
938,000	0,001
940,000	0,002
942,000	0,003
944,000	0,002
946,000	0,002
948,000	0,002
950,000	0,001
952,000	0,001
954,000	0,002
956,000	0,002
958,000	0,002
960,000	0,002
962,000	0,003
964,000	0,002
966,000	0,002
968,000	0,002
970,000	0,001
972,000	0,002
974,000	0,001
976,000	0,001
978,000	0,002
980,000	0,002
982,000	0,002
984,000	0,002
986,000	0,001
988,000	0,002
990,000	0,001
992,000	0,002
994,000	0,002
996,000	0,002
998,000	0,001
1000,000	0,002
1002,000	0,002
1004,000	0,002
1006,000	0,001
1008,000	0,002
1010,000	0,001
1012,000	0,001
1014,000	0,001
1016,000	0,002
1018,000	0,001
1020,000	0,001
1022,000	0,001
1024,000	0,001
1026,000	0,001
1028,000	0,002
1030,000	0,002
1032,000	0,001
1034,000	0,001
1036,000	0,001
1038,000	0,002
1040,000	0,002
1042,000	0,001
1044,000	0,002
1046,000	0,001
1048,000	0,002
1050,000	0,001
1052,000	0,002
1054,000	0,001
1056,000	0,002
1058,000	0,001
1060,000	0,001
1062,000	0,002
1064,000	0,002
1066,000	0,000
1068,000	0,001
1070,000	0,001
1072,000	0,001
1074,000	0,001
1076,000	0,001
1078,000	0,001
1080,000	0,001
1082,000	0,001
1084,000	0,000
1086,000	0,002
1088,000	0,001
1090,000	0,002
1092,000	0,001
1094,000	0,002
1096,000	0,002
1098,000	0,001
1100,000	0,001
1102,000	0,001
1104,000	0,001
1106,000	0,001
1108,000	0,001
1110,000	0,001
1112,000	0,001
1114,000	0,002
1116,000	0,002
1118,000	0,001
1120,000	0,001
1122,000	0,001
1124,000	0,002
1126,000	0,001
1128,000	0,001
1130,000	0,002
1132,000	0,001
1134,000	0,002
1136,000	0,003
1138,000	0,001
1140,000	0,002
1142,000	0,001
1144,000	0,002
1146,000	0,001
1148,000	0,002
1150,000	0,001
1152,000	0,002
1154,000	0,000
1156,000	0,002
1158,000	0,000
1160,000	0,001
1162,000	0,002
1164,000	0,002
1166,000	0,000
1168,000	0,001
1170,000	0,001
1172,000	0,002
1174,000	0,001
1176,000	0,001
1178,000	0,001
1180,000	0,001
1182,000	0,001
1184,000	0,002
1186,000	0,001
1188,000	0,002
1190,000	0,000
1192,000	0,001
1194,000	0,001
1196,000	0,001
1198,000	0,001
1200,000	0,002
1202,000	0,001
1204,000	0,001
1206,000	0,001
1208,000	0,001
1210,000	0,000
1212,000	0,001
1214,000	0,001
1216,000	0,001
1218,000	0,001
1220,000	0,001
1222,000	0,001
1224,000	0,001
1226,000	0,002
1228,000	0,002
1230,000	0,001
1232,000	0,002
1234,000	0,001
1236,000	0,002
1238,000	0,001
1240,000	0,002
1242,000	0,001
1244,000	0,001
1246,000	0,001
1248,000	0,002
1250,000	0,000
1252,000	0,001
1254,000	0,000
1256,000	0,001
1258,000	0,001
1260,000	0,001
1262,000	0,001
1264,000	0,001
1266,000	0,001
1268,000	0,001
1270,000	0,002
1272,000	0,002
1274,000	0,000
1276,000	0,001
1278,000	0,001
1280,000	0,001
1282,000	0,001
1284,000	0,001
1286,000	0,001
1288,000	0,001
1290,000	0,001
1292,000	0,001
1294,000	0,001
1296,000	0,002
1298,000	0,000
1300,000	0,002
1302,000	0,001
1304,000	0,001
1306,000	0,001
1308,000	0,001
1310,000	0,001
1312,000	0,001
1314,000	0,001
1316,000	0,001
1318,000	0,001
1320,000	0,002
1322,000	0,000
1324,000	0,001
1326,000	0,001
1328,000	0,001
1330,000	0,001
1332,000	0,001
1334,000	0,001
1336,000	0,002
1338,000	0,000
1340,000	0,002
1342,000	0,001
1344,000	0,001
1346,000	0,001
1348,000	0,001
1350,000	0,001
1352,000	0,002
1354,000	0,001
1356,000	0,002
1358,000	0,001
1360,000	0,001
1362,000	0,000
1364,000	0,002
1366,000	0,000
1368,000	0,001
1370,000	0,001
1372,000	0,001
1374,000	0,001
1376,000	0,002
1378,000	0,001
1380,000	0,001
1382,000	0,001
1384,000	0,001
1386,000	0,001
1388,000	0,001
1390,000	0,001
1392,000	0,001
1394,000	0,001
1396,000	0,001
1398,000	0,001
1400,000	0,001
1402,000	0,000
1404,000	0,001
1406,000	0,001
1408,000	0,002
1410,000	0,001
1412,000	0,000
1414,000	0,001
1416,000	0,001
1418,000	0,001
1420,000	0,001
1422,000	0,000
1424,000	0,001
1426,000	0,001
1428,000	0,001
1430,000	0,001
1432,000	0,001
1434,000	0,001
1436,000	0,001
1438,000	0,000
1440,000	0,001
1442,000	0,001
1444,000	0,001
1446,000	0,001
1448,000	0,001
1450,000	0,001
1452,000	0,002
1454,000	0,000
1456,000	0,001
1458,000	0,000
1460,000	0,001
1462,000	0,001
1464,000	0,001
1466,000	0,000
1468,000	0,001
1470,000	0,001
1472,000	0,001
1474,000	0,001
1476,000	0,001
1478,000	0,001
1480,000	0,001
1482,000	0,001
1484,000	0,001
1486,000	0,001
1488,000	0,001
1490,000	0,002
1492,000	0,001
1494,000	0,001
1496,000	0,002
1498,000	0,001
1500,000	0,001
1502,000	0,001
1504,000	0,002
1506,000	0,000
1508,000	0,001
1510,000	0,001
1512,000	0,002
1514,000	0,000
1516,000	0,002
1518,000	0,000
1520,000	0,002
1522,000	0,000
1524,000	0,001
1526,000	0,001
1528,000	0,000
1530,000	0,001
1532,000	0,001
1534,000	0,001
1536,000	0,001
1538,000	0,001
1540,000	0,002
1542,000	0,000
1544,000	0,001
1546,000	0,001
1548,000	0,002
1550,000	0,000
1552,000	0,001
1554,000	0,001
1556,000	0,001
1558,000	0,001
1560,000	0,001
1562,000	0,000
1564,000	0,001
1566,000	0,000
1568,000	0,001
1570,000	0,001
1572,000	0,002
1574,000	0,000
1576,000	0,001
1578,000	0,001
1580,000	0,001
1582,000	0,002
1584,000	0,001
1586,000	0,001
1588,000	0,002
1590,000	0,000
1592,000	0,001
1594,000	0,001
1596,000	0,001
1598,000	0,000
1600,000	0,001
1602,000	0,001
1604,000	0,001
1606,000	0,000
1608,000	0,001
1610,000	0,001
1612,000	0,001
1614,000	0,001
1616,000	0,001
1618,000	0,001
1620,000	0,001
1622,000	0,001
1624,000	0,002
1626,000	0,000
1628,000	0,001
1630,000	0,001
1632,000	0,001
1634,000	0,001
1636,000	0,002
1638,000	0,000
1640,000	0,001
1642,000	0,001
1644,000	0,001
1646,000	0,001
1648,000	0,002
1650,000	0,001
1652,000	0,000
1654,000	0,000
1656,000	0,001
1658,000	0,001
1660,000	0,001
1662,000	0,000
1664,000	0,001
1666,000	0,000
1668,000	0,001
1670,000	0,001
1672,000	0,001
1674,000	0,000
1676,000	0,002
1678,000	0,001
1680,000	0,001
1682,000	0,001
1684,000	0,000
1686,000	0,001
1688,000	0,001
1690,000	0,000
1692,000	0,001
1694,000	0,000
1696,000	0,000
1698,000	0,001
1700,000	0,001
1702,000	0,001
1704,000	0,002
1706,000	0,001
1708,000	0,001
1710,000	0,000
1712,000	0,001
1714,000	0,001
1716,000	0,001
1718,000	0,001
1720,000	0,001
1722,000	0,001
1724,000	0,001
1726,000	0,000
1728,000	0,001
1730,000	0,001
1732,000	0,002
1734,000	0,000
1736,000	0,001
1738,000	0,001
1740,000	0,001
1742,000	0,000
1744,000	0,001
1746,000	0,001
1748,000	0,001
1750,000	0,000
1752,000	0,001
1754,000	0,001
1756,000	0,001
1758,000	0,001
1760,000	0,001
1762,000	0,001
1764,000	0,001
1766,000	0,001
1768,000	0,001
1770,000	0,000
1772,000	0,001
1774,000	0,000
1776,000	0,001
1778,000	0,001
1780,000	0,001
1782,000	0,000
1784,000	0,001
1786,000	0,001
1788,000	0,001
1790,000	0,000
1792,000	0,001
1794,000	0,001
1796,000	0,001
1798,000	0,000
1800,000	0,001
1802,000	0,001
1804,000	0,001
1806,000	0,001
1808,000	0,002
1810,000	0,001
1812,000	0,000
1814,000	0,000
1816,000	0,001
1818,000	0,001
1820,000	0,001
1822,000	0,001
1824,000	0,002
1826,000	0,001
1828,000	0,001
1830,000	0,001
1832,000	0,001
1834,000	0,000
1836,000	0,001
1838,000	0,002
1840,000	0,001
1842,000	0,001
1844,000	0,001
1846,000	0,001
1848,000	0,001
1850,000	0,001
1852,000	0,001
1854,000	0,001
1856,000	0,002
1858,000	0,000
1860,000	0,001
1862,000	0,001
1864,000	0,001
1866,000	0,001
1868,000	0,001
1870,000	0,001
1872,000	0,001
1874,000	0,001
1876,000	0,002
1878,000	0,001
1880,000	0,000
1882,000	0,001
1884,000	0,001
1886,000	0,001
1888,000	0,001
1890,000	0,000
1892,000	0,001
1894,000	0,001
1896,000	0,001
1898,000	0,001
1900,000	0,001
1902,000	0,000
1904,000	0,001
1906,000	0,000
1908,000	0,001
1910,000	0,001
1912,000	0,001
1914,000	0,001
1916,000	0,001
1918,000	0,001
1920,000	0,001
1922,000	0,000
1924,000	0,001
1926,000	0,001
1928,000	0,001
1930,000	0,001
1932,000	0,001
1934,000	0,001
1936,000	0,001
1938,000	0,000
1940,000	0,001
1942,000	0,001
1944,000	0,001
1946,000	0,001
1948,000	0,002
1950,000	0,000
1952,000	0,001
1954,000	0,000
1956,000	0,001
1958,000	0,001
1960,000	0,001
1962,000	0,001
1964,000	0,002
1966,000	0,001
1968,000	0,001
1970,000	0,001
1972,000	0,001
1974,000	0,001
1976,000	0,002
1978,000	0,000
1980,000	0,001
1982,000	0,000
1984,000	0,001
1986,000	0,000
1988,000	0,001
1990,000	0,001
1992,000	0,000
1994,000	0,001
1996,000	0,001
1998,000	0,001
2000,000	0,002
2002,000	0,000
2004,000	0,001
2006,000	0,000
2008,000	0,001
2010,000	0,000
2012,000	0,001
2014,000	0,000
2016,000	0,001
2018,000	0,001
2020,000	0,001
2022,000	0,001
2024,000	0,002
2026,000	0,000
2028,000	0,001
2030,000	0,000
2032,000	0,001
2034,000	0,000
2036,000	0,000
2038,000	0,001
2040,000	0,001
2042,000	0,000
2044,000	0,001
2046,000	0,000
2048,000	0,001
2050,000	0,000
2052,000	0,001
2054,000	0,001
2056,000	0,001
2058,000	0,001
2060,000	0,001
2062,000	0,001
2064,000	0,002
2066,000	0,001
2068,000	0,001
2070,000	0,001
2072,000	0,001
2074,000	0,000
2076,000	0,001
2078,000	0,001
2080,000	0,000
2082,000	0,002
2084,000	0,002
2086,000	0,001
2088,000	0,001
2090,000	0,000
2092,000	0,001
2094,000	0,000
2096,000	0,001
2098,000	0,001
2100,000	0,001
2102,000	0,001
2104,000	0,000
2106,000	0,001
2108,000	0,001
2110,000	0,001
2112,000	0,001
2114,000	0,001
2116,000	0,001
2118,000	0,001
2120,000	0,001
2122,000	0,001
2124,000	0,001
2126,000	0,001
2128,000	0,001
2130,000	0,000
2132,000	0,000
2134,000	0,001
2136,000	0,001
2138,000	0,001
2140,000	0,001
2142,000	0,000
2144,000	0,001
2146,000	0,000
2148,000	0,001
2150,000	0,000
2152,000	0,001
2154,000	0,001
2156,000	0,001
2158,000	0,001
2160,000	0,001
2162,000	0,000
2164,000	0,001
2166,000	0,001
2168,000	0,001
2170,000	0,000
2172,000	0,001
2174,000	0,000
2176,000	0,001
2178,000	0,001
2180,000	0,001
2182,000	0,001
2184,000	0,001
2186,000	0,000
2188,000	0,001
2190,000	0,001
2192,000	0,001
2194,000	0,001
2196,000	0,000
2198,000	0,000
2200,000	0,001
2202,000	0,001
2204,000	0,001
2206,000	0,001
2208,000	0,001
2210,000	0,000
2212,000	0,001
2214,000	0,001
2216,000	0,000
2218,000	0,001
2220,000	0,002
2222,000	0,001
2224,000	0,001
2226,000	0,001
2228,000	0,001
2230,000	0,000
2232,000	0,000
2234,000	0,001
2236,000	0,001
2238,000	0,000
2240,000	0,001
2242,000	0,001
2244,000	0,001
2246,000	0,001
2248,000	0,002
2250,000	0,000
2252,000	0,001
2254,000	0,001
2256,000	0,002
2258,000	0,000
2260,000	0,001
2262,000	0,000
2264,000	0,001
2266,000	0,000
2268,000	0,001
2270,000	0,001
2272,000	0,001
2274,000	0,001
2276,000	0,001
2278,000	0,001
2280,000	0,001
2282,000	0,001
2284,000	0,001
2286,000	0,000
2288,000	0,001
2290,000	0,001
2292,000	0,001
2294,000	0,001
2296,000	0,001
2298,000	0,001
2300,000	0,001
2302,000	0,001
2304,000	0,001
2306,000	0,000
2308,000	0,001
2310,000	0,000
2312,000	0,001
2314,000	0,000
2316,000	0,001
2318,000	0,000
2320,000	0,001
2322,000	0,000
2324,000	0,001
2326,000	0,001
2328,000	0,002
2330,000	0,001
2332,000	0,001
2334,000	0,001
2336,000	0,001
2338,000	0,000
2340,000	0,001
2342,000	0,001
2344,000	0,001
2346,000	0,001
2348,000	0,001
2350,000	0,000
2352,000	0,001
2354,000	0,001
2356,000	0,002
2358,000	0,001
2360,000	0,001
2362,000	0,001
2364,000	0,001
2366,000	0,000
2368,000	0,001
2370,000	0,000
2372,000	0,001
2374,000	0,000
2376,000	0,001
2378,000	0,001
2380,000	0,002
2382,000	0,001
2384,000	0,001
2386,000	0,001
2388,000	0,001
2390,000	0,000
2392,000	0,001
2394,000	0,000
2396,000	0,001
2398,000	0,000
2400,000	0,002
2402,000	0,001
2404,000	0,001
2406,000	0,001
2408,000	0,001
2410,000	0,001
2412,000	0,001
2414,000	0,001
2416,000	0,001
2418,000	0,001
2420,000	0,000
2422,000	0,001
2424,000	0,002
2426,000	0,001
2428,000	0,001
2430,000	0,000
2432,000	0,001
2434,000	0,001
2436,000	0,000
2438,000	0,000
2440,000	0,000
2442,000	0,000
2444,000	0,001
2446,000	0,000
2448,000	0,001
2450,000	0,000
2452,000	0,000
2454,000	0,001
2456,000	0,000
2458,000	0,000
2460,000	0,001
2462,000	0,000
2464,000	0,001
2466,000	0,001
2468,000	0,001
2470,000	0,000
2472,000	0,001
2474,000	0,000
2476,000	0,001
2478,000	0,001
2480,000	0,001
2482,000	0,000
2484,000	0,001
2486,000	0,000
2488,000	0,001
2490,000	0,001
2492,000	0,000
2494,000	0,001
2496,000	0,000
2498,000	0,001
2500,000	0,001
2502,000	0,000
2504,000	0,001
2506,000	0,000
2508,000	0,001
2510,000	0,001
2512,000	0,001
2514,000	0,000
2516,000	0,001
2518,000	0,001
2520,000	0,001
2522,000	0,001
2524,000	0,001
2526,000	0,000
2528,000	0,001
2530,000	0,001
2532,000	0,001
2534,000	0,001
2536,000	0,001
2538,000	0,001
2540,000	0,002
2542,000	0,001
2544,000	0,001
2546,000	0,000
2548,000	0,001
2550,000	0,001
2552,000	0,001
2554,000	0,000
2556,000	0,001
2558,000	0,000
2560,000	0,001
2562,000	0,000
2564,000	0,001
2566,000	0,000
2568,000	0,001
2570,000	0,001
2572,000	0,000
2574,000	0,000
2576,000	0,001
2578,000	0,000
2580,000	0,001
2582,000	0,000
2584,000	0,001
2586,000	0,001
2588,000	0,001
2590,000	0,000
2592,000	0,001
2594,000	0,000
2596,000	0,001
2598,000	0,001
2600,000	0,001
2602,000	0,001
2604,000	0,000
2606,000	0,001
2608,000	0,001
2610,000	0,000
2612,000	0,001
2614,000	0,001
2616,000	0,001
2618,000	0,000
2620,000	0,001
2622,000	0,000
2624,000	0,001
2626,000	0,000
2628,000	0,001
2630,000	0,001
2632,000	0,000
2634,000	0,001
2636,000	0,001
2638,000	0,000
2640,000	0,002
2642,000	0,001
2644,000	0,001
2646,000	0,000
2648,000	0,001
2650,000	0,001
2652,000	0,001
2654,000	0,000
2656,000	0,001
2658,000	0,001
2660,000	0,001
2662,000	0,000
2664,000	0,001
2666,000	0,000
2668,000	0,001
2670,000	0,000
2672,000	0,001
2674,000	0,001
2676,000	0,000
2678,000	0,000
2680,000	0,001
2682,000	0,001
2684,000	0,000
2686,000	0,000
2688,000	0,000
2690,000	0,001
2692,000	0,001
2694,000	0,000
2696,000	0,001
2698,000	0,000
2700,000	0,001
2702,000	0,001
2704,000	0,000
2706,000	0,001
2708,000	0,001
2710,000	0,000
2712,000	0,001
2714,000	0,000
2716,000	0,000
2718,000	0,000
2720,000	0,000
2722,000	0,001
2724,000	0,001
2726,000	0,000
2728,000	0,001
2730,000	0,000
2732,000	0,001
2734,000	0,000
2736,000	0,001
2738,000	0,000
2740,000	0,001
2742,000	0,001
2744,000	0,001
2746,000	0,000
2748,000	0,001
2750,000	0,000
2752,000	0,001
2754,000	0,000
2756,000	0,001
2758,000	0,000
2760,000	0,001
2762,000	0,001
2764,000	0,001
2766,000	0,000
2768,000	0,001
2770,000	0,001
2772,000	0,000
2774,000	0,001
2776,000	0,001
2778,000	0,000
2780,000	0,001
2782,000	0,001
2784,000	0,001
2786,000	0,001
2788,000	0,001
2790,000	0,000
2792,000	0,000
2794,000	0,000
2796,000	0,001
2798,000	0,001
2800,000	0,001
2802,000	0,000
2804,000	0,001
2806,000	0,001
2808,000	0,001
2810,000	0,001
2812,000	0,000
2814,000	0,000
2816,000	0,001
2818,000	0,000
2820,000	0,001
2822,000	0,000
2824,000	0,001
2826,000	0,000
2828,000	0,001
2830,000	0,001
2832,000	0,001
2834,000	0,000
2836,000	0,001
2838,000	0,000
2840,000	0,001
2842,000	0,000
2844,000	0,001
2846,000	0,001
2848,000	0,001
2850,000	0,000
2852,000	0,001
2854,000	0,001
2856,000	0,001
2858,000	0,000
2860,000	0,001
2862,000	0,001
2864,000	0,001
2866,000	0,000
2868,000	0,001
2870,000	0,000
2872,000	0,001
2874,000	0,001
2876,000	0,000
2878,000	0,000
2880,000	0,000
2882,000	0,000
2884,000	0,001
2886,000	0,001
2888,000	0,001
2890,000	0,000
2892,000	0,001
2894,000	0,000
2896,000	0,000
2898,000	0,000
2900,000	0,001
2902,000	0,000
2904,000	0,001
2906,000	0,000
2908,000	0,001
2910,000	0,000
2912,000	0,001
2914,000	0,001
2916,000	0,001
2918,000	0,000
2920,000	0,001
2922,000	0,000
2924,000	0,001
2926,000	0,001
2928,000	0,001
2930,000	0,000
2932,000	0,000
2934,000	0,001
2936,000	0,001
2938,000	0,001
2940,000	0,001
2942,000	0,001
2944,000	0,002
2946,000	0,001
2948,000	0,001
2950,000	0,001
2952,000	0,003
2954,000	0,001
2956,000	0,007
2958,000	0,008
2960,000	0,003
2962,000	0,001
2964,000	0,000
2966,000	0,001
2968,000	0,000
2970,000	0,001
2972,000	0,001
2974,000	0,000
2976,000	0,000
2978,000	0,000
2980,000	0,001
2982,000	0,001
2984,000	0,000
2986,000	0,001
2988,000	0,001
2990,000	0,001
2992,000	0,001
2994,000	0,001
2996,000	0,000
2998,000	0,000
3000,000	0,000
3002,000	0,000
3004,000	0,000
3006,000	0,000
3008,000	0,001
3010,000	0,000
3012,000	0,000
3014,000	0,001
3016,000	0,001
3018,000	0,000
3020,000	0,001
3022,000	0,000
3024,000	0,000
3026,000	0,000
3028,000	0,001
3030,000	0,000
3032,000	0,001
3034,000	0,000
3036,000	0,000
3038,000	0,000
3040,000	0,000
3042,000	0,000
3044,000	0,001
3046,000	0,000
3048,000	0,001
3050,000	0,000
3052,000	0,000
3054,000	0,000
3056,000	0,001
3058,000	0,000
3060,000	0,000
3062,000	0,000
3064,000	0,001
3066,000	0,000
3068,000	0,001
3070,000	0,001
3072,000	0,000
3074,000	0,001
3076,000	0,000
3078,000	0,001
3080,000	0,001
3082,000	0,001
3084,000	0,001
3086,000	0,000
3088,000	0,000
3090,000	0,000
3092,000	0,001
3094,000	0,001
3096,000	0,001
3098,000	0,000
3100,000	0,000
3102,000	0,000
3104,000	0,001
3106,000	0,001
3108,000	0,001
3110,000	0,001
3112,000	0,001
3114,000	0,000
3116,000	0,001
3118,000	0,000
3120,000	0,001
3122,000	0,001
3124,000	0,001
3126,000	0,000
3128,000	0,001
3130,000	0,001
3132,000	0,000
3134,000	0,000
3136,000	0,001
3138,000	0,000
3140,000	0,001
3142,000	0,000
3144,000	0,000
3146,000	0,000
3148,000	0,001
3150,000	0,001
3152,000	0,001
3154,000	0,001
3156,000	0,001
3158,000	0,000
3160,000	0,001
3162,000	0,000
3164,000	0,001
3166,000	0,001
3168,000	0,001
3170,000	0,001
3172,000	0,000
3174,000	0,000
3176,000	0,000
3178,000	0,000
3180,000	0,001
3182,000	0,000
3184,000	0,001
3186,000	0,000
3188,000	0,001
3190,000	0,000
3192,000	0,001
3194,000	0,001
3196,000	0,000
3198,000	0,000
3200,000	0,001
3202,000	0,000
3204,000	0,001
3206,000	0,000
3208,000	0,001
3210,000	0,000
3212,000	0,001
3214,000	0,000
3216,000	0,000
3218,000	0,000
3220,000	0,001
3222,000	0,001
3224,000	0,000
3226,000	0,000
3228,000	0,000
3230,000	0,000
3232,000	0,000
3234,000	0,000
3236,000	0,001
3238,000	0,000
3240,000	0,001
3242,000	0,000
3244,000	0,001
3246,000	0,000
3248,000	0,001
3250,000	0,001
3252,000	0,001
3254,000	0,001
3256,000	0,000
3258,000	0,001
3260,000	0,001
3262,000	0,000
3264,000	0,001
3266,000	0,000
3268,000	0,000
3270,000	0,000
3272,000	0,000
3274,000	0,000
3276,000	0,001
3278,000	0,000
3280,000	0,001
3282,000	0,001
3284,000	0,001
3286,000	0,000
3288,000	0,000
3290,000	0,000
3292,000	0,001
3294,000	0,001
3296,000	0,001
3298,000	0,001
3300,000	0,000
3302,000	0,001
3304,000	0,001
3306,000	0,001
3308,000	0,001
3310,000	0,001
3312,000	0,000
3314,000	0,000
3316,000	0,001
3318,000	0,000
3320,000	0,001
3322,000	0,000
3324,000	0,001
3326,000	0,001
3328,000	0,001
3330,000	0,000
3332,000	0,001
3334,000	0,001
3336,000	0,000
3338,000	0,000
3340,000	0,000
3342,000	0,001
3344,000	0,001
3346,000	0,000
3348,000	0,000
3350,000	0,000
3352,000	0,001
3354,000	0,000
3356,000	0,001
3358,000	0,000
3360,000	0,001
3362,000	0,000
3364,000	0,000
3366,000	0,000
3368,000	0,001
3370,000	0,000
3372,000	0,001
3374,000	0,000
3376,000	0,001
3378,000	0,001
3380,000	0,000
3382,000	0,000
3384,000	0,001
3386,000	0,001
3388,000	0,001
3390,000	0,001
3392,000	0,001
3394,000	0,001
3396,000	0,001
3398,000	0,001
3400,000	0,000
3402,000	0,000
3404,000	0,001
3406,000	0,001
3408,000	0,000
3410,000	0,000
3412,000	0,000
3414,000	0,000
3416,000	0,001
3418,000	0,001
3420,000	0,000
3422,000	0,000
3424,000	0,000
3426,000	0,001
3428,000	0,001
3430,000	0,000
3432,000	0,000
3434,000	0,000
3436,000	0,001
3438,000	0,000
3440,000	0,001
3442,000	0,000
3444,000	0,001
3446,000	0,001
3448,000	0,000
3450,000	0,000
3452,000	0,000
3454,000	0,000
3456,000	0,000
3458,000	0,001
3460,000	0,001
3462,000	0,001
3464,000	0,000
3466,000	0,000
3468,000	0,001
3470,000	0,000
3472,000	0,001
3474,000	0,001
3476,000	0,001
3478,000	0,001
3480,000	0,000
3482,000	0,000
3484,000	0,000
3486,000	0,001
3488,000	0,001
3490,000	0,001
3492,000	0,000
3494,000	0,000
3496,000	0,000
3498,000	0,000
3500,000	0,001
3502,000	0,000
3504,000	0,001
3506,000	0,001
3508,000	0,001
3510,000	0,000
3512,000	0,000
3514,000	0,000
3516,000	0,001
3518,000	0,001
3520,000	0,000
3522,000	0,000
3524,000	0,001
3526,000	0,000
3528,000	0,001
3530,000	0,000
3532,000	0,000
3534,000	0,000
3536,000	0,000
3538,000	0,000
3540,000	0,000
3542,000	0,000
3544,000	0,001
3546,000	0,000
3548,000	0,001
3550,000	0,001
3552,000	0,000
3554,000	0,000
3556,000	0,001
3558,000	0,000
3560,000	0,001
3562,000	0,000
3564,000	0,000
3566,000	0,000
3568,000	0,001
3570,000	0,001
3572,000	0,000
3574,000	0,000
3576,000	0,001
3578,000	0,000
3580,000	0,001
3582,000	0,001
3584,000	0,000
3586,000	0,001
3588,000	0,000
3590,000	0,001
3592,000	0,001
3594,000	0,000
3596,000	0,000
3598,000	0,000
3600,000	0,001
3602,000	0,000
3604,000	0,001
3606,000	0,000
3608,000	0,001
3610,000	0,000
3612,000	0,001
3614,000	0,000
3616,000	0,000
3618,000	0,000
3620,000	0,001
3622,000	0,000
3624,000	0,000
3626,000	0,000
3628,000	0,001
3630,000	0,000
3632,000	0,001
3634,000	0,000
3636,000	0,001
3638,000	0,000
3640,000	0,001
3642,000	0,001
3644,000	0,001
3646,000	0,001
3648,000	0,001
3650,000	0,001
3652,000	0,001
3654,000	0,000
3656,000	0,001
3658,000	0,001
3660,000	0,000
3662,000	0,001
3664,000	0,000
3666,000	0,000
3668,000	0,001
3670,000	0,000
3672,000	0,000
3674,000	0,000
3676,000	0,001
3678,000	0,001
3680,000	0,000
3682,000	0,000
3684,000	0,000
3686,000	0,000
3688,000	0,001
3690,000	0,000
3692,000	0,001
3694,000	0,001
3696,000	0,001
3698,000	0,000
3700,000	0,001
3702,000	0,001
3704,000	0,000
3706,000	0,001
3708,000	0,001
3710,000	0,000
3712,000	0,001
3714,000	0,000
3716,000	0,001
3718,000	0,001
3720,000	0,000
3722,000	0,000
3724,000	0,001
3726,000	0,001
3728,000	0,001
3730,000	0,001
3732,000	0,000
3734,000	0,001
3736,000	0,000
3738,000	0,000
3740,000	0,000
3742,000	0,000
3744,000	0,000
3746,000	0,000
3748,000	0,000
3750,000	0,000
3752,000	0,001
3754,000	0,001
3756,000	0,001
3758,000	0,000
3760,000	0,001
3762,000	0,000
3764,000	0,000
3766,000	0,000
3768,000	0,001
3770,000	0,001
3772,000	0,001
3774,000	0,001
3776,000	0,000
3778,000	0,001
3780,000	0,001
3782,000	0,001
3784,000	0,001
3786,000	0,000
3788,000	0,001
3790,000	0,001
3792,000	0,000
3794,000	0,001
3796,000	0,001
3798,000	0,001
3800,000	0,001
3802,000	0,001
3804,000	0,000
3806,000	0,001
3808,000	0,000
3810,000	0,000
3812,000	0,001
3814,000	0,001
3816,000	0,001
3818,000	0,001
3820,000	0,000
3822,000	0,000
3824,000	0,001
3826,000	0,000
3828,000	0,000
3830,000	0,000
3832,000	0,001
3834,000	0,001
3836,000	0,001
3838,000	0,001
3840,000	0,001
3842,000	0,001
3844,000	0,001
3846,000	0,001
3848,000	0,000
3850,000	0,000
3852,000	0,000
3854,000	0,000
3856,000	0,001
3858,000	0,001
3860,000	0,000
3862,000	0,000
3864,000	0,000
3866,000	0,000
3868,000	0,000
3870,000	0,000
3872,000	0,000
3874,000	0,000
3876,000	0,001
3878,000	0,000
3880,000	0,000
3882,000	0,000
3884,000	0,000
3886,000	0,001
3888,000	0,001
3890,000	0,000
3892,000	0,000
3894,000	0,000
3896,000	0,000
3898,000	0,000
3900,000	0,001
3902,000	0,001
3904,000	0,001
3906,000	0,001
3908,000	0,001
3910,000	0,000
3912,000	0,001
3914,000	0,001
3916,000	0,001
3918,000	0,000
3920,000	0,001
3922,000	0,000
3924,000	0,001
3926,000	0,000
3928,000	0,000
3930,000	0,000
3932,000	0,000
3934,000	0,000
3936,000	0,000
3938,000	0,000
3940,000	0,001
3942,000	0,001
3944,000	0,000
3946,000	0,001
3948,000	0,001
3950,000	0,000
3952,000	0,001
3954,000	0,001
3956,000	0,001
3958,000	0,001
3960,000	0,000
3962,000	0,000
3964,000	0,000
3966,000	0,000
3968,000	0,001
3970,000	0,001
3972,000	0,000
3974,000	0,000
3976,000	0,000
3978,000	0,001
3980,000	0,001
3982,000	0,000
3984,000	0,001
3986,000	0,000
3988,000	0,000
3990,000	0,000
3992,000	0,001
3994,000	0,000
3996,000	0,001
3998,000	0,001
4000,000	0,000
4002,000	0,000
4004,000	0,000
4006,000	0,000
4008,000	0,000
4010,000	0,000
4012,000	0,000
4014,000	0,000
4016,000	0,000
4018,000	0,000
4020,000	0,000
4022,000	0,000
4024,000	0,001
4026,000	0,000
4028,000	0,001
4030,000	0,001
4032,000	0,001
4034,000	0,000
4036,000	0,000
4038,000	0,001
4040,000	0,000
4042,000	0,000
4044,000	0,000
4046,000	0,000
4048,000	0,000
4050,000	0,000
4052,000	0,001
4054,000	0,001
4056,000	0,000
4058,000	0,000
4060,000	0,000
4062,000	0,000
4064,000	0,001
4066,000	0,000
4068,000	0,000
4070,000	0,000
4072,000	0,001
4074,000	0,000
4076,000	0,000
4078,000	0,001
4080,000	0,001
4082,000	0,000
4084,000	0,000
4086,000	0,001
4088,000	0,000
4090,000	0,002
4092,000	0,003
4094,000	0,002
4096,000	0,001
4098,000	0,001
4100,000	0,001
4102,000	0,001
4104,000	0,000
4106,000	0,000
4108,000	0,000
4110,000	0,000
4112,000	0,001
4114,000	0,001
4116,000	0,000
4118,000	0,000
4120,000	0,000
4122,000	0,000
4124,000	0,000
4126,000	0,000
4128,000	0,000
4130,000	0,000
4132,000	0,001
4134,000	0,001
4136,000	0,000
4138,000	0,000
4140,000	0,001
4142,000	0,000
4144,000	0,000
4146,000	0,000
4148,000	0,001
4150,000	0,001
4152,000	0,000
4154,000	0,000
4156,000	0,000
4158,000	0,000
4160,000	0,000
4162,000	0,000
4164,000	0,001
4166,000	0,000
4168,000	0,001
4170,000	0,001
4172,000	0,000
4174,000	0,000
4176,000	0,000
4178,000	0,000
4180,000	0,001
4182,000	0,000
4184,000	0,001
4186,000	0,000
4188,000	0,000
4190,000	0,000
4192,000	0,001
4194,000	0,000
4196,000	0,001
4198,000	0,001
4200,000	0,000
4202,000	0,000
4204,000	0,000
4206,000	0,000
4208,000	0,001
4210,000	0,001
4212,000	0,001
4214,000	0,001
4216,000	0,000
4218,000	0,000
4220,000	0,000
4222,000	0,000
4224,000	0,001
4226,000	0,000
4228,000	0,000
4230,000	0,000
4232,000	0,000
4234,000	0,000
4236,000	0,001
4238,000	0,001
4240,000	0,000
4242,000	0,000
4244,000	0,000
4246,000	0,000
4248,000	0,000
4250,000	0,000
4252,000	0,001
4254,000	0,000
4256,000	0,000
4258,000	0,000
4260,000	0,000
4262,000	0,000
4264,000	0,000
4266,000	0,000
4268,000	0,000
4270,000	0,000
4272,000	0,000
4274,000	0,000
4276,000	0,000
4278,000	0,000
4280,000	0,001
4282,000	0,000
4284,000	0,000
4286,000	0,000
4288,000	0,001
4290,000	0,000
4292,000	0,000
4294,000	0,000
4296,000	0,001
4298,000	0,000
4300,000	0,000
4302,000	0,000
4304,000	0,000
4306,000	0,001
4308,000	0,001
4310,000	0,000
4312,000	0,001
4314,000	0,000
4316,000	0,001
4318,000	0,001
4320,000	0,000
4322,000	0,000
4324,000	0,001
4326,000	0,001
4328,000	0,001
4330,000	0,001
4332,000	0,000
4334,000	0,000
4336,000	0,000
4338,000	0,000
4340,000	0,001
4342,000	0,000
4344,000	0,000
4346,000	0,001
4348,000	0,000
4350,000	0,000
4352,000	0,001
4354,000	0,000
4356,000	0,001
4358,000	0,001
4360,000	0,000
4362,000	0,001
4364,000	0,000
4366,000	0,000
4368,000	0,000
4370,000	0,001
4372,000	0,000
4374,000	0,000
4376,000	0,001
4378,000	0,000
4380,000	0,001
4382,000	0,001
4384,000	0,000
4386,000	0,000
4388,000	0,000
4390,000	0,000
4392,000	0,001
4394,000	0,001
4396,000	0,000
4398,000	0,000
4400,000	0,000
4402,000	0,000
4404,000	0,000
4406,000	0,000
4408,000	0,000
4410,000	0,000
4412,000	0,001
4414,000	0,000
4416,000	0,001
4418,000	0,000
4420,000	0,000
4422,000	0,001
4424,000	0,000
4426,000	0,000
4428,000	0,000
4430,000	0,000
4432,000	0,000
4434,000	0,000
4436,000	0,000
4438,000	0,000
4440,000	0,001
4442,000	0,001
4444,000	0,001
4446,000	0,000
4448,000	0,000
4450,000	0,001
4452,000	0,001
4454,000	0,000
4456,000	0,000
4458,000	0,000
4460,000	0,000
4462,000	0,000
4464,000	0,001
4466,000	0,001
4468,000	0,000
4470,000	0,001
4472,000	0,001
4474,000	0,000
4476,000	0,001
4478,000	0,000
4480,000	0,000
4482,000	0,000
4484,000	0,000
4486,000	0,000
4488,000	0,001
4490,000	0,001
4492,000	0,001
4494,000	0,000
4496,000	0,000
4498,000	0,000
4500,000	0,000
4502,000	0,000
4504,000	0,000
4506,000	0,000
4508,000	0,001
4510,000	0,001
4512,000	0,001
4514,000	0,000
4516,000	0,001
4518,000	0,000
4520,000	0,001
4522,000	0,000
4524,000	0,000
4526,000	0,000
4528,000	0,000
4530,000	0,001
4532,000	0,001
4534,000	0,000
4536,000	0,001
4538,000	0,001
4540,000	0,001
4542,000	0,001
4544,000	0,000
4546,000	0,000
4548,000	0,000
4550,000	0,000
4552,000	0,000
4554,000	0,000
4556,000	0,000
4558,000	0,000
4560,000	0,000
4562,000	0,000
4564,000	0,001
4566,000	0,001
4568,000	0,001
4570,000	0,000
4572,000	0,000
4574,000	0,001
4576,000	0,000
4578,000	0,000
4580,000	0,001
4582,000	0,000
4584,000	0,001
4586,000	0,001
4588,000	0,000
4590,000	0,000
4592,000	0,000
4594,000	0,000
4596,000	0,000
4598,000	0,000
4600,000	0,000
4602,000	0,001
4604,000	0,001
4606,000	0,000
4608,000	0,000
4610,000	0,000
4612,000	0,001
4614,000	0,000
4616,000	0,000
4618,000	0,000
4620,000	0,001
4622,000	0,000
4624,000	0,000
4626,000	0,000
4628,000	0,001
4630,000	0,000
4632,000	0,001
4634,000	0,001
4636,000	0,001
4638,000	0,001
4640,000	0,001
4642,000	0,000
4644,000	0,001
4646,000	0,001
4648,000	0,001
4650,000	0,001
4652,000	0,001
4654,000	0,000
4656,000	0,001
4658,000	0,000
4660,000	0,000
4662,000	0,000
4664,000	0,001
4666,000	0,001
4668,000	0,000
4670,000	0,000
4672,000	0,000
4674,000	0,000
4676,000	0,000
4678,000	0,000
4680,000	0,001
4682,000	0,001
4684,000	0,001
4686,000	0,000
4688,000	0,001
4690,000	0,000
4692,000	0,000
4694,000	0,000
4696,000	0,001
4698,000	0,000
4700,000	0,000
4702,000	0,001
4704,000	0,001
4706,000	0,001
4708,000	0,000
4710,000	0,000
4712,000	0,000
4714,000	0,000
4716,000	0,000
4718,000	0,000
4720,000	0,000
4722,000	0,000
4724,000	0,000
4726,000	0,000
4728,000	0,000
4730,000	0,000
4732,000	0,001
4734,000	0,001
4736,000	0,000
4738,000	0,000
4740,000	0,000
4742,000	0,000
4744,000	0,000
4746,000	0,000
4748,000	0,000
4750,000	0,000
4752,000	0,000
4754,000	0,000
4756,000	0,001
4758,000	0,000
4760,000	0,000
4762,000	0,000
4764,000	0,001
4766,000	0,001
4768,000	0,000
4770,000	0,000
4772,000	0,000
4774,000	0,000
4776,000	0,001
4778,000	0,000
4780,000	0,000
4782,000	0,000
4784,000	0,000
4786,000	0,000
4788,000	0,001
4790,000	0,001
4792,000	0,000
4794,000	0,001
4796,000	0,000
4798,000	0,000
4800,000	0,000
4802,000	0,000
4804,000	0,001
4806,000	0,000
4808,000	0,000
4810,000	0,000
4812,000	0,001
4814,000	0,000
4816,000	0,000
4818,000	0,001
4820,000	0,001
4822,000	0,000
4824,000	0,001
4826,000	0,001
4828,000	0,000
4830,000	0,000
4832,000	0,001
4834,000	0,000
4836,000	0,001
4838,000	0,001
4840,000	0,000
4842,000	0,001
4844,000	0,001
4846,000	0,000
4848,000	0,001
4850,000	0,000
4852,000	0,001
4854,000	0,000
4856,000	0,001
4858,000	0,001
4860,000	0,001
4862,000	0,001
4864,000	0,001
4866,000	0,001
4868,000	0,000
4870,000	0,000
4872,000	0,001
4874,000	0,001
4876,000	0,000
4878,000	0,001
4880,000	0,001
4882,000	0,001
4884,000	0,001
4886,000	0,001
4888,000	0,001
4890,000	0,000
4892,000	0,002
4894,000	0,003
4896,000	0,002
4898,000	0,009
4900,000	0,009
4902,000	0,003
4904,000	0,002
4906,000	0,001
4908,000	0,001
4910,000	0,001
4912,000	0,001
4914,000	0,001
4916,000	0,001
4918,000	0,001
4920,000	0,000
4922,000	0,000
4924,000	0,000
4926,000	0,000
4928,000	0,000
4930,000	0,000
4932,000	0,001
4934,000	0,001
4936,000	0,001
4938,000	0,001
4940,000	0,000
4942,000	0,000
4944,000	0,000
4946,000	0,000
4948,000	0,000
4950,000	0,000
4952,000	0,000
4954,000	0,000
4956,000	0,000
4958,000	0,001
4960,000	0,001
4962,000	0,001
4964,000	0,001
4966,000	0,001
4968,000	0,000
4970,000	0,001
4972,000	0,000
4974,000	0,001
4976,000	0,001
4978,000	0,000
4980,000	0,001
4982,000	0,001
4984,000	0,000
4986,000	0,001
4988,000	0,001
4990,000	0,000
4992,000	0,000
4994,000	0,001
4996,000	0,001
4998,000	0,000
5000,000	0,000
