    kHz         	 V
2.876308e+002	6.066895e-002
2.876364e+002	6.085205e-002
2.876421e+002	6.182861e-002
2.876478e+002	6.094360e-002
2.876534e+002	6.146240e-002
2.876591e+002	6.106567e-002
2.876647e+002	6.112671e-002
2.876704e+002	6.106567e-002
2.876761e+002	6.195068e-002
2.876817e+002	6.204224e-002
2.876874e+002	6.152344e-002
2.876930e+002	6.140137e-002
2.876987e+002	6.167603e-002
2.877043e+002	6.149292e-002
2.877100e+002	6.158447e-002
2.877157e+002	6.222534e-002
2.877213e+002	6.170654e-002
2.877270e+002	6.213379e-002
2.877326e+002	6.161499e-002
2.877383e+002	6.207275e-002
2.877440e+002	6.234741e-002
2.877496e+002	6.259155e-002
2.877553e+002	6.283569e-002
2.877609e+002	6.240845e-002
2.877666e+002	6.307983e-002
2.877722e+002	6.311035e-002
2.877779e+002	6.378174e-002
2.877836e+002	6.365967e-002
2.877892e+002	6.341553e-002
2.877949e+002	6.402588e-002
2.878005e+002	6.353760e-002
2.878062e+002	6.387329e-002
2.878119e+002	6.365967e-002
2.878175e+002	6.439209e-002
2.878232e+002	6.442261e-002
2.878288e+002	6.427002e-002
2.878345e+002	6.414795e-002
2.878402e+002	6.494141e-002
2.878458e+002	6.515503e-002
2.878515e+002	6.515503e-002
2.878571e+002	6.594849e-002
2.878628e+002	6.558228e-002
2.878684e+002	6.643677e-002
2.878741e+002	6.552124e-002
2.878798e+002	6.661987e-002
2.878854e+002	6.597900e-002
2.878911e+002	6.674194e-002
2.878968e+002	6.607056e-002
2.879024e+002	6.677246e-002
2.879081e+002	6.799316e-002
2.879137e+002	6.719971e-002
2.879194e+002	6.814575e-002
2.879250e+002	6.838989e-002
2.879307e+002	6.710815e-002
2.879363e+002	6.793213e-002
2.879420e+002	6.924438e-002
2.879477e+002	6.896973e-002
2.879533e+002	6.921387e-002
2.879590e+002	6.942749e-002
2.879647e+002	6.997681e-002
2.879703e+002	7.040405e-002
2.879760e+002	7.040405e-002
2.879816e+002	7.046509e-002
2.879873e+002	7.174683e-002
2.879929e+002	7.174683e-002
2.879986e+002	7.174683e-002
2.880043e+002	7.147217e-002
2.880099e+002	7.241821e-002
2.880156e+002	7.208252e-002
2.880213e+002	7.208252e-002
2.880269e+002	7.284546e-002
2.880326e+002	7.397461e-002
2.880382e+002	7.431030e-002
2.880439e+002	7.369995e-002
2.880495e+002	7.391357e-002
2.880552e+002	7.498169e-002
2.880608e+002	7.516479e-002
2.880665e+002	7.489014e-002
2.880722e+002	7.647705e-002
2.880778e+002	7.659912e-002
2.880835e+002	7.675171e-002
2.880892e+002	7.684326e-002
2.880948e+002	7.739258e-002
2.881005e+002	7.882690e-002
2.881061e+002	7.839966e-002
2.881118e+002	7.894897e-002
2.881174e+002	7.901001e-002
2.881231e+002	8.004761e-002
2.881288e+002	8.041382e-002
2.881344e+002	8.081055e-002
2.881401e+002	8.154297e-002
2.881457e+002	8.129883e-002
2.881514e+002	8.157349e-002
2.881571e+002	8.242798e-002
2.881627e+002	8.361816e-002
2.881684e+002	8.282471e-002
2.881740e+002	8.432007e-002
2.881797e+002	8.447266e-002
2.881853e+002	8.505249e-002
2.881910e+002	8.569336e-002
2.881967e+002	8.654785e-002
2.882023e+002	8.752441e-002
2.882080e+002	8.755493e-002
2.882136e+002	8.801270e-002
2.882193e+002	8.871460e-002
2.882249e+002	8.993530e-002
2.882306e+002	9.020996e-002
2.882363e+002	9.100342e-002
2.882419e+002	9.140015e-002
2.882476e+002	9.237671e-002
2.882532e+002	9.252930e-002
2.882589e+002	9.381104e-002
2.882646e+002	9.405518e-002
2.882702e+002	9.533691e-002
2.882759e+002	9.579468e-002
2.882815e+002	9.631348e-002
2.882872e+002	9.707642e-002
2.882928e+002	9.832764e-002
2.882985e+002	9.924316e-002
2.883042e+002	9.976196e-002
2.883098e+002	1.004333e-001
2.883155e+002	1.016541e-001
2.883212e+002	1.013794e-001
2.883268e+002	1.031189e-001
2.883325e+002	1.039429e-001
2.883381e+002	1.052551e-001
2.883438e+002	1.053772e-001
2.883494e+002	1.061096e-001
2.883551e+002	1.072388e-001
2.883608e+002	1.085205e-001
2.883664e+002	1.094971e-001
2.883721e+002	1.112061e-001
2.883777e+002	1.117859e-001
2.883834e+002	1.129761e-001
2.883891e+002	1.136169e-001
2.883947e+002	1.153564e-001
2.884004e+002	1.160889e-001
2.884060e+002	1.170959e-001
2.884117e+002	1.181641e-001
2.884173e+002	1.188354e-001
2.884230e+002	1.209106e-001
2.884287e+002	1.218262e-001
2.884343e+002	1.232910e-001
2.884400e+002	1.246033e-001
2.884457e+002	1.251526e-001
2.884513e+002	1.268616e-001
2.884570e+002	1.284180e-001
2.884626e+002	1.294861e-001
2.884683e+002	1.318359e-001
2.884739e+002	1.329346e-001
2.884796e+002	1.343689e-001
2.884853e+002	1.358643e-001
2.884909e+002	1.362305e-001
2.884966e+002	1.381836e-001
2.885022e+002	1.392822e-001
2.885079e+002	1.405334e-001
2.885136e+002	1.428528e-001
2.885192e+002	1.436462e-001
2.885249e+002	1.458740e-001
2.885305e+002	1.482544e-001
2.885362e+002	1.486206e-001
2.885418e+002	1.512451e-001
2.885475e+002	1.528625e-001
2.885532e+002	1.548767e-001
2.885588e+002	1.565552e-001
2.885645e+002	1.582031e-001
2.885701e+002	1.599121e-001
2.885758e+002	1.622620e-001
2.885815e+002	1.650696e-001
2.885871e+002	1.665344e-001
2.885928e+002	1.688232e-001
2.885984e+002	1.708984e-001
2.886041e+002	1.719055e-001
2.886098e+002	1.754456e-001
2.886154e+002	1.766052e-001
2.886211e+002	1.795654e-001
2.886267e+002	1.822815e-001
2.886324e+002	1.840210e-001
2.886380e+002	1.857300e-001
2.886437e+002	1.895142e-001
2.886494e+002	1.907654e-001
2.886550e+002	1.936951e-001
2.886607e+002	1.967773e-001
2.886663e+002	1.986084e-001
2.886720e+002	2.007141e-001
2.886777e+002	2.037659e-001
2.886833e+002	2.068481e-001
2.886890e+002	2.092896e-001
2.886946e+002	2.122192e-001
2.887003e+002	2.147522e-001
2.887059e+002	2.181396e-001
2.887116e+002	2.209473e-001
2.887173e+002	2.246399e-001
2.887229e+002	2.267761e-001
2.887286e+002	2.306824e-001
2.887343e+002	2.337036e-001
2.887399e+002	2.362671e-001
2.887456e+002	2.393188e-001
2.887512e+002	2.424011e-001
2.887569e+002	2.459717e-001
2.887625e+002	2.491150e-001
2.887682e+002	2.533264e-001
2.887738e+002	2.571716e-001
2.887795e+002	2.600708e-001
2.887852e+002	2.636108e-001
2.887908e+002	2.678528e-001
2.887965e+002	2.705994e-001
2.888022e+002	2.742920e-001
2.888078e+002	2.781677e-001
2.888135e+002	2.827454e-001
2.888191e+002	2.863159e-001
2.888248e+002	2.897644e-001
2.888304e+002	2.945862e-001
2.888361e+002	2.985535e-001
2.888417e+002	3.023987e-001
2.888474e+002	3.061829e-001
2.888531e+002	3.101501e-001
2.888587e+002	3.151550e-001
2.888644e+002	3.188782e-001
2.888701e+002	3.232727e-001
2.888757e+002	3.281860e-001
2.888814e+002	3.311157e-001
2.888870e+002	3.359375e-001
2.888927e+002	3.408203e-001
2.888983e+002	3.448792e-001
2.889040e+002	3.498840e-001
2.889097e+002	3.529358e-001
2.889153e+002	3.577881e-001
2.889210e+002	3.623352e-001
2.889267e+002	3.673706e-001
2.889323e+002	3.712158e-001
2.889380e+002	3.760376e-001
2.889436e+002	3.806763e-001
2.889493e+002	3.848572e-001
2.889549e+002	3.895874e-001
2.889606e+002	3.931580e-001
2.889663e+002	3.981018e-001
2.889719e+002	4.028320e-001
2.889776e+002	4.073181e-001
2.889832e+002	4.113770e-001
2.889889e+002	4.163818e-001
2.889946e+002	4.197083e-001
2.890002e+002	4.243469e-001
2.890059e+002	4.282532e-001
2.890115e+002	4.318542e-001
2.890172e+002	4.364929e-001
2.890228e+002	4.404602e-001
2.890285e+002	4.440918e-001
2.890342e+002	4.473877e-001
2.890398e+002	4.514160e-001
2.890455e+002	4.545898e-001
2.890511e+002	4.582825e-001
2.890568e+002	4.613647e-001
2.890624e+002	4.644165e-001
2.890681e+002	4.674377e-001
2.890738e+002	4.705505e-001
2.890794e+002	4.736938e-001
2.890851e+002	4.767151e-001
2.890908e+002	4.785156e-001
2.890964e+002	4.808044e-001
2.891021e+002	4.826355e-001
2.891077e+002	4.854431e-001
2.891134e+002	4.873657e-001
2.891190e+002	4.885864e-001
2.891247e+002	4.914246e-001
2.891303e+002	4.928589e-001
2.891360e+002	4.939880e-001
2.891417e+002	4.953003e-001
2.891473e+002	4.958801e-001
2.891530e+002	4.982300e-001
2.891587e+002	4.973145e-001
2.891643e+002	4.997559e-001
2.891700e+002	4.995117e-001
2.891756e+002	4.996643e-001
2.891813e+002	5.006714e-001
2.891869e+002	4.998474e-001
2.891926e+002	5.000000e-001
2.891983e+002	5.009155e-001
2.892039e+002	4.993591e-001
2.892096e+002	4.994507e-001
2.892153e+002	4.989319e-001
2.892209e+002	4.984436e-001
2.892266e+002	4.975281e-001
2.892322e+002	4.964600e-001
2.892379e+002	4.957275e-001
2.892435e+002	4.945068e-001
2.892492e+002	4.926453e-001
2.892548e+002	4.910583e-001
2.892605e+002	4.906921e-001
2.892662e+002	4.880676e-001
2.892718e+002	4.871216e-001
2.892775e+002	4.853516e-001
2.892832e+002	4.835205e-001
2.892888e+002	4.817810e-001
2.892945e+002	4.793091e-001
2.893001e+002	4.773560e-001
2.893058e+002	4.760437e-001
2.893114e+002	4.739380e-001
2.893171e+002	4.716797e-001
2.893227e+002	4.698486e-001
2.893284e+002	4.670715e-001
2.893341e+002	4.649658e-001
2.893397e+002	4.627380e-001
2.893454e+002	4.598694e-001
2.893511e+002	4.581604e-001
2.893567e+002	4.556885e-001
2.893624e+002	4.536438e-001
2.893680e+002	4.505005e-001
2.893737e+002	4.477234e-001
2.893793e+002	4.464417e-001
2.893850e+002	4.433899e-001
2.893907e+002	4.412537e-001
2.893963e+002	4.385986e-001
2.894020e+002	4.358521e-001
2.894076e+002	4.332275e-001
2.894133e+002	4.306335e-001
2.894190e+002	4.275513e-001
2.894246e+002	4.252014e-001
2.894303e+002	4.228516e-001
2.894359e+002	4.200134e-001
2.894416e+002	4.188538e-001
2.894473e+002	4.152222e-001
2.894529e+002	4.130554e-001
2.894586e+002	4.113464e-001
2.894642e+002	4.079590e-001
2.894699e+002	4.056702e-001
2.894755e+002	4.038696e-001
2.894812e+002	4.004211e-001
2.894869e+002	3.987427e-001
2.894925e+002	3.961792e-001
2.894982e+002	3.935852e-001
2.895038e+002	3.906860e-001
2.895095e+002	3.889160e-001
2.895152e+002	3.861389e-001
2.895208e+002	3.840637e-001
2.895265e+002	3.812256e-001
2.895321e+002	3.804626e-001
2.895378e+002	3.774719e-001
2.895434e+002	3.749695e-001
2.895491e+002	3.729248e-001
2.895548e+002	3.711548e-001
2.895604e+002	3.677063e-001
2.895661e+002	3.665161e-001
2.895718e+002	3.644104e-001
2.895774e+002	3.617859e-001
2.895831e+002	3.597107e-001
2.895887e+002	3.580933e-001
2.895944e+002	3.560181e-001
2.896000e+002	3.541260e-001
2.896057e+002	3.506775e-001
2.896113e+002	3.498230e-001
2.896170e+002	3.484192e-001
2.896227e+002	3.459778e-001
2.896283e+002	3.441467e-001
2.896340e+002	3.421021e-001
2.896397e+002	3.409729e-001
2.896453e+002	3.390503e-001
2.896510e+002	3.376465e-001
2.896566e+002	3.358154e-001
2.896623e+002	3.333130e-001
2.896679e+002	3.311768e-001
2.896736e+002	3.294983e-001
2.896793e+002	3.289185e-001
2.896849e+002	3.269958e-001
2.896906e+002	3.252869e-001
2.896963e+002	3.237000e-001
2.897019e+002	3.225708e-001
2.897076e+002	3.221741e-001
2.897132e+002	3.199463e-001
2.897189e+002	3.178711e-001
2.897245e+002	3.161621e-001
2.897302e+002	3.165283e-001
2.897358e+002	3.139648e-001
2.897415e+002	3.133545e-001
2.897472e+002	3.119812e-001
2.897528e+002	3.105164e-001
2.897585e+002	3.092346e-001
2.897642e+002	3.081665e-001
2.897698e+002	3.055420e-001
2.897755e+002	3.057556e-001
2.897811e+002	3.036194e-001
2.897868e+002	3.030396e-001
2.897924e+002	3.023987e-001
2.897981e+002	3.011475e-001
2.898037e+002	2.997742e-001
2.898094e+002	2.987061e-001
2.898151e+002	2.969971e-001
2.898207e+002	2.970581e-001
2.898264e+002	2.949219e-001
2.898320e+002	2.939453e-001
2.898377e+002	2.931519e-001
2.898434e+002	2.927551e-001
2.898490e+002	2.911987e-001
2.898547e+002	2.908630e-001
2.898603e+002	2.898560e-001
2.898660e+002	2.892151e-001
2.898717e+002	2.883301e-001
2.898773e+002	2.863770e-001
2.898830e+002	2.859497e-001
2.898886e+002	2.851868e-001
2.898943e+002	2.844543e-001
2.898999e+002	2.840271e-001
2.899056e+002	2.825012e-001
2.899113e+002	2.817078e-001
2.899169e+002	2.819519e-001
2.899226e+002	2.797546e-001
2.899282e+002	2.796936e-001
2.899339e+002	2.790833e-001
2.899396e+002	2.773438e-001
2.899452e+002	2.770996e-001
2.899509e+002	2.763367e-001
2.899565e+002	2.756042e-001
2.899622e+002	2.746277e-001
2.899678e+002	2.738037e-001
2.899735e+002	2.730103e-001
2.899792e+002	2.720337e-001
2.899848e+002	2.716675e-001
2.899905e+002	2.715454e-001
2.899962e+002	2.707520e-001
2.900018e+002	2.694092e-001
2.900075e+002	2.695007e-001
2.900131e+002	2.688599e-001
2.900188e+002	2.683716e-001
2.900244e+002	2.675476e-001
2.900301e+002	2.669678e-001
2.900358e+002	2.662964e-001
2.900414e+002	2.654419e-001
2.900471e+002	2.650757e-001
2.900528e+002	2.643738e-001
2.900584e+002	2.631531e-001
2.900641e+002	2.631226e-001
2.900697e+002	2.624207e-001
2.900754e+002	2.611389e-001
2.900810e+002	2.605591e-001
2.900867e+002	2.602234e-001
2.900923e+002	2.597351e-001
2.900980e+002	2.591553e-001
2.901037e+002	2.586975e-001
2.901093e+002	2.578735e-001
2.901150e+002	2.570801e-001
2.901207e+002	2.565918e-001
2.901263e+002	2.553101e-001
2.901320e+002	2.554932e-001
2.901376e+002	2.546387e-001
2.901433e+002	2.534485e-001
2.901489e+002	2.535706e-001
2.901546e+002	2.526550e-001
2.901603e+002	2.515869e-001
2.901659e+002	2.511292e-001
2.901716e+002	2.510986e-001
2.901772e+002	2.493286e-001
2.901829e+002	2.506409e-001
2.901886e+002	2.489014e-001
2.901942e+002	2.473755e-001
2.901999e+002	2.472839e-001
2.902055e+002	2.474670e-001
2.902112e+002	2.461548e-001
2.902168e+002	2.454834e-001
2.902225e+002	2.451172e-001
2.902282e+002	2.447510e-001
2.902338e+002	2.436218e-001
2.902395e+002	2.423096e-001
2.902451e+002	2.418823e-001
2.902508e+002	2.412415e-001
2.902565e+002	2.408752e-001
2.902621e+002	2.402954e-001
2.902678e+002	2.390137e-001
2.902734e+002	2.390442e-001
2.902791e+002	2.383423e-001
2.902848e+002	2.371826e-001
2.902904e+002	2.378845e-001
2.902961e+002	2.368774e-001
2.903017e+002	2.351074e-001
2.903074e+002	2.347412e-001
2.903130e+002	2.342834e-001
2.903187e+002	2.326050e-001
2.903244e+002	2.317810e-001
2.903300e+002	2.317200e-001
2.903357e+002	2.308655e-001
2.903413e+002	2.301941e-001
2.903470e+002	2.291870e-001
2.903527e+002	2.292175e-001
2.903583e+002	2.273254e-001
2.903640e+002	2.266235e-001
2.903696e+002	2.261658e-001
2.903753e+002	2.257080e-001
2.903809e+002	2.250671e-001
2.903866e+002	2.246704e-001
2.903922e+002	2.234192e-001
2.903979e+002	2.223206e-001
2.904036e+002	2.216492e-001
2.904092e+002	2.210083e-001
2.904149e+002	2.194214e-001
2.904206e+002	2.190857e-001
2.904262e+002	2.183228e-001
2.904319e+002	2.179260e-001
2.904375e+002	2.165833e-001
2.904432e+002	2.161865e-001
2.904488e+002	2.152100e-001
2.904545e+002	2.143250e-001
2.904602e+002	2.135315e-001
2.904658e+002	2.129211e-001
2.904715e+002	2.115479e-001
2.904772e+002	2.113037e-001
2.904828e+002	2.095947e-001
2.904885e+002	2.095032e-001
2.904941e+002	2.093506e-001
2.904998e+002	2.082520e-001
2.905054e+002	2.068481e-001
2.905111e+002	2.066040e-001
2.905168e+002	2.055969e-001
2.905224e+002	2.047119e-001
