    µm         	nm
0.000000e+000	1.013040e+002
1.956947e-002	1.015720e+002
3.913894e-002	1.019472e+002
5.870842e-002	1.023760e+002
7.827789e-002	1.022152e+002
9.784736e-002	1.006072e+002
1.174168e-001	9.846320e+001
1.369863e-001	9.626559e+001
1.565558e-001	9.412160e+001
1.761252e-001	9.187040e+001
1.956947e-001	8.972640e+001
2.152642e-001	8.747519e+001
2.348337e-001	8.533119e+001
2.544031e-001	8.313360e+001
2.739726e-001	8.098959e+001
2.935421e-001	7.879200e+001
3.131115e-001	7.664800e+001
3.326810e-001	7.504000e+001
3.522505e-001	7.434320e+001
3.718200e-001	7.412880e+001
3.913894e-001	7.418240e+001
4.109589e-001	7.450399e+001
4.305284e-001	7.450399e+001
4.500978e-001	7.364640e+001
4.696673e-001	7.311040e+001
4.892368e-001	7.300320e+001
5.088062e-001	7.337839e+001
5.283757e-001	7.353920e+001
5.479452e-001	7.337839e+001
5.675147e-001	7.171680e+001
5.870841e-001	6.946560e+001
6.066536e-001	6.721439e+001
6.262231e-001	6.496320e+001
6.457926e-001	6.271200e+001
6.653621e-001	6.040720e+001
6.849315e-001	5.810240e+001
7.045010e-001	5.585120e+001
7.240704e-001	5.354640e+001
7.436399e-001	5.134880e+001
7.632094e-001	4.904400e+001
7.827788e-001	4.679280e+001
8.023483e-001	4.448800e+001
8.219178e-001	4.223680e+001
8.414873e-001	4.003920e+001
8.610567e-001	3.773440e+001
8.806262e-001	3.553680e+001
9.001957e-001	3.323200e+001
9.197652e-001	3.103440e+001
9.393347e-001	2.878320e+001
9.589041e-001	2.658560e+001
9.784736e-001	2.433440e+001
9.980430e-001	2.213680e+001
1.017612e+000	1.988560e+001
1.037182e+000	1.768800e+001
1.056751e+000	1.543680e+001
1.076321e+000	1.323920e+001
1.095890e+000	1.104160e+001
1.115460e+000	8.843999e+000
1.135029e+000	6.646400e+000
1.154599e+000	4.448800e+000
1.174168e+000	2.251200e+000
1.193738e+000	5.360000e-002
1.213307e+000	-2.090400e+000
1.232877e+000	-4.288000e+000
1.252446e+000	-6.432000e+000
1.272016e+000	-8.629599e+000
1.291585e+000	-1.077360e+001
1.311155e+000	-1.286400e+001
1.330724e+000	-1.506160e+001
1.350293e+000	-1.720560e+001
1.369863e+000	-1.934960e+001
1.389432e+000	-2.149360e+001
1.409002e+000	-2.363760e+001
1.428571e+000	-2.578160e+001
1.448141e+000	-2.792560e+001
1.467710e+000	-3.001600e+001
1.487280e+000	-3.221360e+001
1.506849e+000	-3.430400e+001
1.526419e+000	-3.644800e+001
1.545988e+000	-3.853840e+001
1.565558e+000	-4.057520e+001
1.585127e+000	-4.271920e+001
1.604697e+000	-4.480960e+001
1.624266e+000	-4.690000e+001
1.643836e+000	-4.893680e+001
1.663405e+000	-5.102720e+001
1.682975e+000	-5.306400e+001
1.702544e+000	-5.199200e+001
1.722113e+000	-4.245120e+001
1.741683e+000	-3.108800e+001
1.761252e+000	-2.079680e+001
1.780822e+000	-1.286400e+001
1.800391e+000	-8.361599e+000
1.819961e+000	-6.753600e+000
1.839530e+000	-4.341600e+000
1.859100e+000	-1.822400e+000
1.878669e+000	-2.680000e-001
1.898239e+000	-3.216000e-001
1.917808e+000	-2.036800e+000
1.937378e+000	-2.144000e+000
1.956947e+000	3.752000e-001
1.976517e+000	3.430400e+000
1.996086e+000	4.288000e+000
2.015656e+000	5.038400e+000
2.035225e+000	1.023760e+001
2.054795e+000	1.581200e+001
2.074364e+000	2.010000e+001
2.093934e+000	2.240480e+001
2.113503e+000	2.336960e+001
2.133072e+000	2.363760e+001
2.152642e+000	2.374480e+001
2.172211e+000	2.320880e+001
2.191781e+000	2.181520e+001
2.211350e+000	2.042160e+001
2.230920e+000	2.036800e+001
2.250489e+000	2.063600e+001
2.270059e+000	2.047520e+001
2.289628e+000	1.967120e+001
2.309198e+000	1.886720e+001
2.328767e+000	1.854560e+001
2.348336e+000	1.833120e+001
2.367906e+000	1.886720e+001
2.387475e+000	1.876000e+001
2.407045e+000	1.833120e+001
2.426614e+000	1.784880e+001
2.446184e+000	1.758080e+001
2.465753e+000	1.747360e+001
2.485323e+000	1.742000e+001
2.504892e+000	1.731280e+001
2.524462e+000	1.747360e+001
2.544031e+000	1.779520e+001
2.563601e+000	1.774160e+001
2.583170e+000	1.758080e+001
2.602740e+000	1.763440e+001
2.622309e+000	1.774160e+001
2.641879e+000	1.774160e+001
2.661448e+000	1.784880e+001
2.681018e+000	1.795600e+001
2.700587e+000	1.811680e+001
2.720157e+000	1.827760e+001
2.739726e+000	1.843840e+001
2.759296e+000	1.822400e+001
2.778865e+000	1.827760e+001
2.798434e+000	1.817040e+001
2.818004e+000	1.779520e+001
2.837573e+000	1.774160e+001
2.857143e+000	1.768800e+001
2.876712e+000	1.784880e+001
2.896282e+000	1.763440e+001
2.915851e+000	1.758080e+001
2.935421e+000	1.779520e+001
2.954990e+000	1.806320e+001
2.974560e+000	1.843840e+001
2.994129e+000	1.870640e+001
3.013699e+000	1.993920e+001
3.033268e+000	2.245840e+001
3.052837e+000	2.460240e+001
3.072407e+000	2.567440e+001
3.091976e+000	2.637120e+001
3.111546e+000	2.674640e+001
3.131115e+000	2.685360e+001
3.150685e+000	2.658560e+001
3.170254e+000	2.583520e+001
3.189824e+000	2.417360e+001
3.209393e+000	2.267280e+001
3.228963e+000	2.256560e+001
3.248532e+000	2.149360e+001
3.268102e+000	2.117200e+001
3.287671e+000	2.181520e+001
3.307241e+000	2.224400e+001
3.326810e+000	2.224400e+001
3.346380e+000	2.149360e+001
3.365949e+000	2.079680e+001
3.385519e+000	2.020720e+001
3.405088e+000	1.999280e+001
3.424658e+000	2.111840e+001
3.444227e+000	2.192240e+001
3.463796e+000	2.267280e+001
3.483366e+000	2.283360e+001
3.502935e+000	2.251200e+001
3.522505e+000	2.149360e+001
3.542074e+000	1.988560e+001
3.561644e+000	1.951040e+001
3.581213e+000	1.951040e+001
3.600783e+000	1.961760e+001
3.620352e+000	2.004640e+001
3.639922e+000	1.977840e+001
3.659491e+000	1.800960e+001
3.679061e+000	1.581200e+001
3.698630e+000	1.366800e+001
3.718200e+000	1.141680e+001
3.737769e+000	9.272799e+000
3.757339e+000	7.021600e+000
3.776908e+000	4.824000e+000
3.796477e+000	2.626400e+000
3.816047e+000	4.288000e-001
3.835617e+000	-1.822400e+000
3.855186e+000	-4.020000e+000
3.874755e+000	-6.217600e+000
3.894325e+000	-8.415199e+000
3.913894e+000	-1.055920e+001
3.933464e+000	-1.281040e+001
3.953033e+000	-1.495440e+001
3.972603e+000	-1.715200e+001
3.992172e+000	-1.929600e+001
4.011742e+000	-2.149360e+001
4.031311e+000	-2.363760e+001
4.050881e+000	-2.583520e+001
4.070450e+000	-2.792560e+001
4.090020e+000	-3.012320e+001
4.109589e+000	-3.221360e+001
4.129158e+000	-3.430400e+001
4.148728e+000	-3.650160e+001
4.168297e+000	-3.859200e+001
4.187867e+000	-4.073600e+001
4.207436e+000	-4.282640e+001
4.227006e+000	-4.497040e+001
4.246575e+000	-4.706080e+001
4.266145e+000	-4.920480e+001
4.285714e+000	-5.124160e+001
4.305284e+000	-5.333200e+001
4.324853e+000	-5.536880e+001
4.344422e+000	-5.745920e+001
4.363992e+000	-5.949600e+001
4.383562e+000	-6.147920e+001
4.403131e+000	-6.351600e+001
4.422700e+000	-6.544560e+001
4.442270e+000	-6.737520e+001
4.461840e+000	-6.828640e+001
4.481409e+000	-6.817920e+001
4.500978e+000	-6.737520e+001
4.520548e+000	-6.705360e+001
4.540118e+000	-6.817920e+001
4.559687e+000	-7.000160e+001
4.579256e+000	-7.187759e+001
4.598826e+000	-7.369999e+001
4.618395e+000	-7.525440e+001
4.637965e+000	-7.219920e+001
4.657534e+000	-6.453440e+001
4.677104e+000	-5.526160e+001
4.696673e+000	-4.582800e+001
4.716243e+000	-3.902080e+001
4.735812e+000	-3.446480e+001
4.755382e+000	-3.210640e+001
4.774951e+000	-3.028400e+001
4.794520e+000	-2.830080e+001
4.814090e+000	-2.610320e+001
4.833659e+000	-2.304800e+001
4.853229e+000	-1.902800e+001
4.872798e+000	-1.436480e+001
4.892368e+000	-8.468800e+000
4.911937e+000	-2.036800e+000
4.931507e+000	4.127200e+000
4.951076e+000	8.040000e+000
4.970646e+000	1.029120e+001
4.990215e+000	1.222080e+001
5.009785e+000	1.388240e+001
5.029354e+000	1.404320e+001
5.048923e+000	1.270320e+001
5.068493e+000	1.248880e+001
5.088063e+000	1.409680e+001
5.107632e+000	1.656240e+001
5.127201e+000	1.881360e+001
5.146771e+000	2.154720e+001
5.166341e+000	2.529920e+001
5.185910e+000	2.889040e+001
5.205479e+000	3.130240e+001
5.225049e+000	3.285680e+001
5.244618e+000	3.435760e+001
5.264188e+000	3.516160e+001
5.283757e+000	3.462560e+001
5.303327e+000	3.301760e+001
5.322896e+000	3.146320e+001
5.342466e+000	3.055200e+001
5.362035e+000	3.001600e+001
5.381605e+000	2.980160e+001
5.401174e+000	2.990880e+001
5.420743e+000	3.060560e+001
5.440313e+000	3.140960e+001
5.459883e+000	3.167760e+001
5.479452e+000	3.167760e+001
5.499021e+000	3.146320e+001
5.518591e+000	3.114160e+001
5.538161e+000	3.055200e+001
5.557730e+000	2.974800e+001
5.577299e+000	2.856880e+001
5.596869e+000	2.701440e+001
5.616438e+000	2.529920e+001
5.636008e+000	2.326240e+001
5.655577e+000	2.122560e+001
5.675147e+000	1.913520e+001
5.694716e+000	1.715200e+001
5.714286e+000	1.624080e+001
5.733855e+000	1.650880e+001
5.753424e+000	1.640160e+001
5.772994e+000	1.624080e+001
5.792564e+000	1.650880e+001
5.812133e+000	1.763440e+001
5.831702e+000	1.929600e+001
5.851272e+000	2.047520e+001
5.870842e+000	2.160080e+001
5.890411e+000	2.224400e+001
5.909980e+000	2.240480e+001
5.929550e+000	2.186880e+001
5.949119e+000	2.058240e+001
5.968689e+000	1.988560e+001
5.988258e+000	2.020720e+001
6.007828e+000	2.042160e+001
6.027397e+000	2.042160e+001
6.046967e+000	2.010000e+001
6.066536e+000	2.026080e+001
6.086106e+000	2.079680e+001
6.105675e+000	2.010000e+001
6.125244e+000	1.827760e+001
6.144814e+000	1.650880e+001
6.164384e+000	1.575840e+001
6.183953e+000	1.565120e+001
6.203522e+000	1.575840e+001
6.223092e+000	1.586560e+001
6.242662e+000	1.602640e+001
6.262231e+000	1.666960e+001
6.281800e+000	1.672320e+001
6.301370e+000	1.677680e+001
6.320939e+000	1.725920e+001
6.340509e+000	1.817040e+001
6.360078e+000	1.876000e+001
6.379648e+000	1.897440e+001
6.399217e+000	1.924240e+001
6.418787e+000	1.876000e+001
6.438356e+000	1.870640e+001
6.457925e+000	1.924240e+001
6.477495e+000	1.983200e+001
6.497065e+000	2.127920e+001
6.516634e+000	2.192240e+001
6.536203e+000	2.245840e+001
6.555773e+000	2.299440e+001
6.575342e+000	2.267280e+001
6.594912e+000	2.229760e+001
6.614481e+000	2.058240e+001
6.634051e+000	1.843840e+001
6.653620e+000	1.624080e+001
6.673190e+000	1.404320e+001
6.692759e+000	1.173840e+001
6.712329e+000	9.540799e+000
6.731898e+000	7.343200e+000
6.751467e+000	5.092000e+000
6.771037e+000	2.894400e+000
6.790607e+000	6.432000e-001
6.810176e+000	-1.608000e+000
6.829745e+000	-3.805600e+000
6.849315e+000	-6.003200e+000
6.868885e+000	-8.200800e+000
6.888454e+000	-1.039840e+001
6.908023e+000	-1.259600e+001
6.927593e+000	-1.479360e+001
6.947163e+000	-1.693760e+001
6.966732e+000	-1.913520e+001
6.986301e+000	-2.127920e+001
7.005871e+000	-2.347680e+001
7.025440e+000	-2.556720e+001
7.045010e+000	-2.776480e+001
7.064579e+000	-2.990880e+001
7.084149e+000	-3.205280e+001
7.103718e+000	-3.419680e+001
7.123288e+000	-3.634080e+001
7.142857e+000	-3.843120e+001
7.162426e+000	-4.057520e+001
7.181996e+000	-4.266560e+001
7.201565e+000	-4.475600e+001
7.221135e+000	-4.684640e+001
7.240704e+000	-4.893680e+001
7.260274e+000	-5.108080e+001
7.279843e+000	-5.311760e+001
7.299413e+000	-5.526160e+001
7.318982e+000	-5.729840e+001
7.338552e+000	-5.938880e+001
7.358121e+000	-6.142560e+001
7.377691e+000	-6.351600e+001
7.397260e+000	-6.549919e+001
7.416830e+000	-6.748240e+001
7.436399e+000	-6.951920e+001
7.455968e+000	-7.150240e+001
7.475538e+000	-7.348559e+001
7.495108e+000	-7.541519e+001
7.514677e+000	-7.734479e+001
7.534246e+000	-7.916719e+001
7.553816e+000	-8.093600e+001
7.573386e+000	-8.265120e+001
7.592955e+000	-8.431279e+001
7.612524e+000	-8.565279e+001
7.632094e+000	-8.570640e+001
7.651664e+000	-7.948880e+001
7.671233e+000	-6.807200e+001
7.690803e+000	-5.622640e+001
7.710371e+000	-4.582800e+001
7.729941e+000	-3.762720e+001
7.749511e+000	-2.942640e+001
7.769080e+000	-2.272640e+001
7.788650e+000	-1.876000e+001
7.808219e+000	-1.613360e+001
7.827789e+000	-1.361440e+001
7.847358e+000	-1.168480e+001
7.866927e+000	-1.061280e+001
7.886497e+000	-9.165600e+000
7.906066e+000	-7.986400e+000
7.925636e+000	-7.504000e+000
7.945206e+000	-6.539200e+000
7.964775e+000	-4.502400e+000
7.984344e+000	-2.090400e+000
8.003914e+000	1.072000e-001
8.023483e+000	2.412000e+000
8.043053e+000	4.663200e+000
8.062622e+000	7.557600e+000
8.082192e+000	1.029120e+001
8.101762e+000	1.356080e+001
8.121330e+000	1.613360e+001
8.140900e+000	1.736640e+001
8.160469e+000	1.806320e+001
8.180039e+000	1.854560e+001
8.199609e+000	1.870640e+001
8.219178e+000	1.833120e+001
8.238748e+000	1.736640e+001
8.258316e+000	1.752720e+001
8.277886e+000	1.795600e+001
8.297456e+000	1.800960e+001
8.317025e+000	1.774160e+001
8.336595e+000	1.758080e+001
8.356164e+000	1.747360e+001
8.375734e+000	1.677680e+001
8.395304e+000	1.591920e+001
8.414872e+000	1.565120e+001
8.434442e+000	1.602640e+001
8.454012e+000	1.575840e+001
8.473581e+000	1.581200e+001
8.493151e+000	1.586560e+001
8.512720e+000	1.666960e+001
8.532290e+000	1.790240e+001
8.551859e+000	1.945680e+001
8.571428e+000	2.079680e+001
8.590998e+000	2.197600e+001
8.610567e+000	2.256560e+001
8.630137e+000	2.288720e+001
8.649707e+000	2.320880e+001
8.669276e+000	2.326240e+001
8.688845e+000	2.406640e+001
8.708414e+000	2.347680e+001
8.727984e+000	2.170800e+001
8.747554e+000	1.972480e+001
8.767123e+000	1.865280e+001
8.786693e+000	1.843840e+001
8.806262e+000	1.865280e+001
8.825831e+000	1.918880e+001
8.845401e+000	1.951040e+001
8.864970e+000	1.892080e+001
8.884540e+000	1.876000e+001
8.904110e+000	1.908160e+001
8.923679e+000	1.892080e+001
8.943249e+000	1.843840e+001
8.962817e+000	1.795600e+001
8.982387e+000	1.779520e+001
9.001957e+000	1.849200e+001
9.021526e+000	1.972480e+001
9.041096e+000	2.068960e+001
9.060665e+000	2.138640e+001
9.080235e+000	2.170800e+001
9.099805e+000	2.197600e+001
9.119373e+000	2.229760e+001
9.138943e+000	2.310160e+001
9.158513e+000	2.347680e+001
9.178082e+000	2.235120e+001
9.197652e+000	2.063600e+001
9.217221e+000	2.004640e+001
9.236791e+000	2.031440e+001
9.256360e+000	2.122560e+001
9.275929e+000	2.336960e+001
9.295499e+000	2.487040e+001
9.315068e+000	2.556720e+001
9.334638e+000	2.583520e+001
9.354208e+000	2.615680e+001
9.373777e+000	2.578160e+001
9.393346e+000	2.621040e+001
9.412915e+000	2.642480e+001
9.432485e+000	2.551360e+001
9.452055e+000	2.358400e+001
9.471624e+000	2.144000e+001
9.491194e+000	1.945680e+001
9.510763e+000	1.806320e+001
9.530332e+000	1.752720e+001
9.549902e+000	1.731280e+001
9.569471e+000	1.688400e+001
9.589041e+000	1.688400e+001
9.608611e+000	1.699120e+001
9.628180e+000	1.650880e+001
9.647750e+000	1.538320e+001
9.667318e+000	1.409680e+001
9.686888e+000	1.286400e+001
9.706458e+000	1.157760e+001
9.726027e+000	9.916000e+000
9.745597e+000	7.932799e+000
9.765166e+000	5.788800e+000
9.784736e+000	3.591200e+000
9.804306e+000	1.447200e+000
9.823874e+000	-8.040000e-001
9.843444e+000	-2.948000e+000
9.863013e+000	-5.145600e+000
9.882583e+000	-7.343200e+000
9.902153e+000	-9.540799e+000
9.921722e+000	-1.168480e+001
9.941292e+000	-1.388240e+001
9.960861e+000	-1.602640e+001
9.980430e+000	-1.822400e+001
1.000000e+001	-2.036800e+001
