    kHz         	 V
2.932117e+002	5.111694e-002
2.932175e+002	5.258179e-002
2.932233e+002	5.191040e-002
2.932290e+002	5.328369e-002
2.932348e+002	5.374146e-002
2.932406e+002	5.349731e-002
2.932463e+002	5.355835e-002
2.932521e+002	5.426025e-002
2.932579e+002	5.453491e-002
2.932637e+002	5.496216e-002
2.932694e+002	5.545044e-002
2.932752e+002	5.581665e-002
2.932809e+002	5.609131e-002
2.932867e+002	5.651855e-002
2.932925e+002	5.676270e-002
2.932983e+002	5.761719e-002
2.933040e+002	5.734253e-002
2.933098e+002	5.834961e-002
2.933156e+002	5.798340e-002
2.933213e+002	5.935669e-002
2.933271e+002	5.944824e-002
2.933329e+002	5.923462e-002
2.933387e+002	6.051636e-002
2.933444e+002	6.063843e-002
2.933502e+002	5.981445e-002
2.933559e+002	6.155396e-002
2.933617e+002	6.253052e-002
2.933675e+002	6.262207e-002
2.933732e+002	6.292725e-002
2.933790e+002	6.304932e-002
2.933848e+002	6.417847e-002
2.933906e+002	6.481934e-002
2.933963e+002	6.475830e-002
2.934021e+002	6.567383e-002
2.934079e+002	6.637573e-002
2.934137e+002	6.652832e-002
2.934194e+002	6.719971e-002
2.934252e+002	6.768799e-002
2.934309e+002	6.851196e-002
2.934367e+002	6.811523e-002
2.934425e+002	6.906128e-002
2.934483e+002	6.936646e-002
2.934540e+002	7.043457e-002
2.934598e+002	7.070923e-002
2.934656e+002	7.119751e-002
2.934713e+002	7.156372e-002
2.934771e+002	7.205200e-002
2.934829e+002	7.333374e-002
2.934887e+002	7.308960e-002
2.934944e+002	7.391357e-002
2.935002e+002	7.495117e-002
2.935059e+002	7.501221e-002
2.935117e+002	7.550049e-002
2.935175e+002	7.598877e-002
2.935233e+002	7.635498e-002
2.935290e+002	7.778931e-002
2.935348e+002	7.778931e-002
2.935406e+002	7.849121e-002
2.935463e+002	7.891846e-002
2.935521e+002	7.931519e-002
2.935579e+002	8.090210e-002
2.935637e+002	8.126831e-002
2.935694e+002	8.135986e-002
2.935752e+002	8.258057e-002
2.935810e+002	8.239746e-002
2.935867e+002	8.355713e-002
2.935925e+002	8.432007e-002
2.935983e+002	8.489990e-002
2.936040e+002	8.605957e-002
2.936098e+002	8.566284e-002
2.936156e+002	8.587646e-002
2.936213e+002	8.755493e-002
2.936271e+002	8.770752e-002
2.936329e+002	8.843994e-002
2.936387e+002	8.850098e-002
2.936444e+002	9.036255e-002
2.936502e+002	9.118652e-002
2.936560e+002	9.213257e-002
2.936617e+002	9.246826e-002
2.936675e+002	9.259033e-002
2.936733e+002	9.399414e-002
2.936790e+002	9.512329e-002
2.936848e+002	9.533691e-002
2.936906e+002	9.655762e-002
2.936963e+002	9.677124e-002
2.937021e+002	9.756470e-002
2.937079e+002	9.863281e-002
2.937137e+002	9.951782e-002
2.937194e+002	1.000366e-001
2.937252e+002	1.021423e-001
2.937310e+002	1.015015e-001
2.937367e+002	1.026917e-001
2.937425e+002	1.033325e-001
2.937482e+002	1.037292e-001
2.937540e+002	1.049500e-001
2.937598e+002	1.055908e-001
2.937656e+002	1.065979e-001
2.937713e+002	1.082764e-001
2.937771e+002	1.080627e-001
2.937829e+002	1.092834e-001
2.937887e+002	1.098633e-001
2.937944e+002	1.106567e-001
2.938002e+002	1.123352e-001
2.938060e+002	1.126099e-001
2.938117e+002	1.138000e-001
2.938175e+002	1.143494e-001
2.938233e+002	1.153870e-001
2.938290e+002	1.177063e-001
2.938348e+002	1.174011e-001
2.938406e+002	1.182556e-001
2.938463e+002	1.188049e-001
2.938521e+002	1.210022e-001
2.938579e+002	1.213989e-001
2.938637e+002	1.230164e-001
2.938694e+002	1.237183e-001
2.938752e+002	1.252747e-001
2.938810e+002	1.261292e-001
2.938867e+002	1.275330e-001
2.938925e+002	1.287842e-001
2.938983e+002	1.297607e-001
2.939040e+002	1.300049e-001
2.939098e+002	1.311646e-001
2.939156e+002	1.326599e-001
2.939213e+002	1.333923e-001
2.939271e+002	1.347961e-001
2.939329e+002	1.365051e-001
2.939387e+002	1.372070e-001
2.939444e+002	1.382446e-001
2.939502e+002	1.402588e-001
2.939560e+002	1.402283e-001
2.939617e+002	1.420288e-001
2.939675e+002	1.433411e-001
2.939733e+002	1.442261e-001
2.939790e+002	1.464233e-001
2.939848e+002	1.477051e-001
2.939906e+002	1.490479e-001
2.939963e+002	1.495056e-001
2.940021e+002	1.517944e-001
2.940079e+002	1.522827e-001
2.940137e+002	1.548462e-001
2.940194e+002	1.564941e-001
2.940252e+002	1.573486e-001
2.940310e+002	1.578674e-001
2.940367e+002	1.600952e-001
2.940425e+002	1.618958e-001
2.940483e+002	1.629639e-001
2.940540e+002	1.638794e-001
2.940598e+002	1.658020e-001
2.940656e+002	1.680298e-001
2.940713e+002	1.690979e-001
2.940771e+002	1.714783e-001
2.940829e+002	1.725159e-001
2.940887e+002	1.745605e-001
2.940944e+002	1.757202e-001
2.941002e+002	1.767273e-001
2.941060e+002	1.799927e-001
2.941117e+002	1.813965e-001
2.941175e+002	1.831970e-001
2.941233e+002	1.850586e-001
2.941290e+002	1.864319e-001
2.941348e+002	1.884460e-001
2.941406e+002	1.900024e-001
2.941463e+002	1.918945e-001
2.941521e+002	1.942139e-001
2.941579e+002	1.958923e-001
2.941637e+002	1.980591e-001
2.941694e+002	2.006836e-001
2.941752e+002	2.024231e-001
2.941810e+002	2.043457e-001
2.941867e+002	2.061157e-001
2.941925e+002	2.081909e-001
2.941983e+002	2.099304e-001
2.942040e+002	2.130127e-001
2.942098e+002	2.153625e-001
2.942156e+002	2.172241e-001
2.942213e+002	2.189941e-001
2.942271e+002	2.210999e-001
2.942329e+002	2.240295e-001
2.942387e+002	2.256165e-001
2.942444e+002	2.290039e-001
2.942502e+002	2.303162e-001
2.942560e+002	2.327576e-001
2.942617e+002	2.367554e-001
2.942675e+002	2.387390e-001
2.942733e+002	2.407532e-001
2.942790e+002	2.439575e-001
2.942848e+002	2.463379e-001
2.942906e+002	2.487793e-001
2.942963e+002	2.524719e-001
2.943021e+002	2.545166e-001
2.943079e+002	2.578430e-001
2.943137e+002	2.596436e-001
2.943194e+002	2.622375e-001
2.943252e+002	2.657166e-001
2.943310e+002	2.678833e-001
2.943367e+002	2.713318e-001
2.943425e+002	2.738342e-001
2.943483e+002	2.763977e-001
2.943540e+002	2.794800e-001
2.943598e+002	2.829590e-001
2.943656e+002	2.861023e-001
2.943713e+002	2.890930e-001
2.943771e+002	2.921753e-001
2.943829e+002	2.955627e-001
2.943887e+002	2.986755e-001
2.943944e+002	3.022461e-001
2.944002e+002	3.045654e-001
2.944060e+002	3.085327e-001
2.944117e+002	3.113403e-001
2.944175e+002	3.153381e-001
2.944233e+002	3.180542e-001
2.944290e+002	3.222961e-001
2.944348e+002	3.248291e-001
2.944406e+002	3.291321e-001
2.944463e+002	3.321533e-001
2.944521e+002	3.359985e-001
2.944579e+002	3.395996e-001
2.944637e+002	3.437195e-001
2.944694e+002	3.475037e-001
2.944752e+002	3.510132e-001
2.944810e+002	3.537903e-001
2.944867e+002	3.568420e-001
2.944925e+002	3.620300e-001
2.944983e+002	3.643799e-001
2.945040e+002	3.684692e-001
2.945098e+002	3.718567e-001
2.945156e+002	3.759155e-001
2.945213e+002	3.799744e-001
2.945271e+002	3.842163e-001
2.945329e+002	3.866577e-001
2.945387e+002	3.907776e-001
2.945444e+002	3.941650e-001
2.945502e+002	3.978271e-001
2.945560e+002	4.018250e-001
2.945617e+002	4.062500e-001
2.945675e+002	4.101868e-001
2.945733e+002	4.123840e-001
2.945790e+002	4.168396e-001
2.945848e+002	4.205933e-001
2.945906e+002	4.237671e-001
2.945963e+002	4.270325e-001
2.946021e+002	4.307861e-001
2.946079e+002	4.337158e-001
2.946137e+002	4.376221e-001
2.946194e+002	4.404907e-001
2.946252e+002	4.430847e-001
2.946310e+002	4.475098e-001
2.946368e+002	4.499512e-001
2.946425e+002	4.533386e-001
2.946483e+002	4.555359e-001
2.946540e+002	4.590454e-001
2.946598e+002	4.619446e-001
2.946656e+002	4.646301e-001
2.946713e+002	4.662781e-001
2.946771e+002	4.690857e-001
2.946829e+002	4.718323e-001
2.946887e+002	4.749451e-001
2.946944e+002	4.762878e-001
2.947002e+002	4.790344e-001
2.947060e+002	4.805298e-001
2.947117e+002	4.825134e-001
2.947175e+002	4.837952e-001
2.947233e+002	4.862976e-001
2.947290e+002	4.880676e-001
2.947348e+002	4.898682e-001
2.947406e+002	4.902649e-001
2.947463e+002	4.910889e-001
2.947521e+002	4.935303e-001
2.947579e+002	4.941711e-001
2.947637e+002	4.956055e-001
2.947694e+002	4.954224e-001
2.947752e+002	4.966431e-001
2.947810e+002	4.979248e-001
2.947867e+002	4.979553e-001
2.947925e+002	4.982605e-001
2.947983e+002	4.994812e-001
2.948040e+002	4.987488e-001
2.948098e+002	4.987488e-001
2.948156e+002	4.988098e-001
2.948213e+002	4.994202e-001
2.948271e+002	4.982300e-001
2.948329e+002	4.982910e-001
2.948387e+002	4.981995e-001
2.948444e+002	4.981384e-001
2.948502e+002	4.979553e-001
2.948560e+002	4.968262e-001
2.948618e+002	4.959106e-001
2.948675e+002	4.961243e-001
2.948733e+002	4.946289e-001
2.948790e+002	4.938354e-001
2.948848e+002	4.923706e-001
2.948906e+002	4.916687e-001
2.948963e+002	4.897766e-001
2.949021e+002	4.886475e-001
2.949079e+002	4.878845e-001
2.949137e+002	4.863281e-001
2.949194e+002	4.851074e-001
2.949252e+002	4.830322e-001
2.949310e+002	4.820251e-001
2.949368e+002	4.801941e-001
2.949425e+002	4.786987e-001
2.949483e+002	4.762268e-001
2.949540e+002	4.753723e-001
2.949598e+002	4.741821e-001
2.949656e+002	4.716492e-001
2.949713e+002	4.692993e-001
2.949771e+002	4.680176e-001
2.949829e+002	4.667053e-001
2.949887e+002	4.639282e-001
2.949944e+002	4.620056e-001
2.950002e+002	4.599609e-001
2.950060e+002	4.581909e-001
2.950118e+002	4.557800e-001
2.950175e+002	4.533081e-001
2.950233e+002	4.517212e-001
2.950291e+002	4.490051e-001
2.950348e+002	4.469910e-001
2.950406e+002	4.445801e-001
2.950463e+002	4.423523e-001
2.950521e+002	4.398804e-001
2.950579e+002	4.371033e-001
2.950637e+002	4.349976e-001
2.950694e+002	4.324646e-001
2.950752e+002	4.295654e-001
2.950810e+002	4.278564e-001
2.950867e+002	4.243469e-001
2.950925e+002	4.219971e-001
2.950983e+002	4.185791e-001
2.951041e+002	4.165039e-001
2.951098e+002	4.134216e-001
2.951156e+002	4.114380e-001
2.951213e+002	4.075012e-001
2.951271e+002	4.055786e-001
2.951329e+002	4.013672e-001
2.951387e+002	3.989563e-001
2.951444e+002	3.965759e-001
2.951502e+002	3.935242e-001
2.951560e+002	3.897400e-001
2.951617e+002	3.859558e-001
2.951675e+002	3.828125e-001
2.951733e+002	3.794861e-001
2.951791e+002	3.764038e-001
2.951848e+002	3.731689e-001
2.951906e+002	3.692932e-001
2.951963e+002	3.663330e-001
2.952021e+002	3.632202e-001
2.952079e+002	3.593445e-001
2.952137e+002	3.553772e-001
2.952194e+002	3.517761e-001
2.952252e+002	3.486938e-001
2.952310e+002	3.452454e-001
2.952368e+002	3.415833e-001
2.952425e+002	3.382568e-001
2.952483e+002	3.350525e-001
2.952541e+002	3.311768e-001
2.952598e+002	3.282166e-001
2.952656e+002	3.244019e-001
2.952713e+002	3.215637e-001
2.952771e+002	3.166504e-001
2.952829e+002	3.135376e-001
2.952887e+002	3.094177e-001
2.952944e+002	3.066406e-001
2.953002e+002	3.034058e-001
2.953060e+002	2.996216e-001
2.953118e+002	2.969666e-001
2.953175e+002	2.932129e-001
2.953233e+002	2.905884e-001
2.953291e+002	2.885132e-001
2.953348e+002	2.834778e-001
2.953406e+002	2.805481e-001
2.953463e+002	2.770996e-001
2.953521e+002	2.731323e-001
2.953579e+002	2.718811e-001
2.953637e+002	2.690430e-001
2.953694e+002	2.653809e-001
2.953752e+002	2.629395e-001
2.953810e+002	2.600403e-001
2.953868e+002	2.574463e-001
2.953925e+002	2.537231e-001
2.953983e+002	2.517090e-001
2.954041e+002	2.491455e-001
2.954098e+002	2.470093e-001
2.954156e+002	2.438049e-001
2.954214e+002	2.424316e-001
2.954271e+002	2.399902e-001
2.954329e+002	2.373657e-001
2.954387e+002	2.349548e-001
2.954444e+002	2.333984e-001
2.954502e+002	2.301941e-001
2.954560e+002	2.297668e-001
2.954617e+002	2.264709e-001
2.954675e+002	2.254639e-001
2.954733e+002	2.233276e-001
2.954791e+002	2.212830e-001
2.954848e+002	2.199097e-001
2.954906e+002	2.179565e-001
2.954964e+002	2.172546e-001
2.955021e+002	2.139587e-001
2.955079e+002	2.134705e-001
2.955137e+002	2.114258e-001
2.955194e+002	2.092285e-001
2.955252e+002	2.081299e-001
2.955310e+002	2.072144e-001
2.955367e+002	2.052307e-001
2.955425e+002	2.033691e-001
2.955483e+002	2.025757e-001
2.955541e+002	2.012329e-001
2.955598e+002	2.004089e-001
2.955656e+002	1.986084e-001
2.955714e+002	1.979370e-001
2.955771e+002	1.962891e-001
2.955829e+002	1.950684e-001
2.955887e+002	1.936951e-001
2.955944e+002	1.928101e-001
2.956002e+002	1.913452e-001
2.956060e+002	1.910095e-001
2.956118e+002	1.898804e-001
2.956175e+002	1.893616e-001
2.956233e+002	1.875000e-001
2.956291e+002	1.867676e-001
2.956348e+002	1.865845e-001
2.956406e+002	1.850586e-001
2.956464e+002	1.837463e-001
2.956521e+002	1.839294e-001
2.956579e+002	1.832581e-001
2.956637e+002	1.816101e-001
2.956694e+002	1.815796e-001
2.956752e+002	1.804199e-001
2.956810e+002	1.798401e-001
2.956868e+002	1.784058e-001
2.956925e+002	1.772461e-001
2.956983e+002	1.772156e-001
2.957041e+002	1.776428e-001
2.957098e+002	1.756592e-001
2.957156e+002	1.756592e-001
2.957214e+002	1.753540e-001
2.957271e+002	1.739502e-001
2.957329e+002	1.725769e-001
2.957387e+002	1.728821e-001
2.957444e+002	1.729431e-001
2.957502e+002	1.715393e-001
2.957560e+002	1.716003e-001
2.957618e+002	1.707458e-001
2.957675e+002	1.708679e-001
2.957733e+002	1.699219e-001
2.957791e+002	1.693115e-001
2.957848e+002	1.681824e-001
2.957906e+002	1.687622e-001
2.957964e+002	1.678162e-001
2.958021e+002	1.680298e-001
2.958079e+002	1.673279e-001
2.958137e+002	1.672668e-001
2.958194e+002	1.669617e-001
2.958252e+002	1.658936e-001
2.958310e+002	1.659241e-001
2.958367e+002	1.649780e-001
2.958425e+002	1.648560e-001
2.958483e+002	1.645508e-001
2.958541e+002	1.643372e-001
2.958598e+002	1.632996e-001
2.958656e+002	1.629333e-001
2.958714e+002	1.630249e-001
2.958771e+002	1.623535e-001
2.958829e+002	1.623230e-001
2.958887e+002	1.615906e-001
2.958944e+002	1.615601e-001
2.959002e+002	1.608887e-001
2.959060e+002	1.603394e-001
2.959117e+002	1.604919e-001
2.959175e+002	1.605530e-001
2.959233e+002	1.599731e-001
2.959291e+002	1.603394e-001
2.959348e+002	1.600037e-001
2.959406e+002	1.587524e-001
2.959464e+002	1.596069e-001
2.959521e+002	1.584167e-001
2.959579e+002	1.587524e-001
2.959637e+002	1.584778e-001
2.959694e+002	1.574402e-001
2.959752e+002	1.573486e-001
2.959810e+002	1.564941e-001
2.959868e+002	1.573181e-001
2.959925e+002	1.568909e-001
2.959983e+002	1.562195e-001
2.960041e+002	1.559143e-001
2.960098e+002	1.563110e-001
2.960156e+002	1.545715e-001
2.960214e+002	1.557007e-001
2.960271e+002	1.556396e-001
2.960329e+002	1.542969e-001
2.960387e+002	1.550598e-001
2.960444e+002	1.540222e-001
2.960502e+002	1.540833e-001
2.960560e+002	1.547241e-001
2.960618e+002	1.543579e-001
2.960675e+002	1.532288e-001
2.960733e+002	1.536255e-001
2.960791e+002	1.529846e-001
2.960848e+002	1.536255e-001
2.960906e+002	1.529541e-001
2.960964e+002	1.518250e-001
2.961021e+002	1.520691e-001
2.961079e+002	1.520691e-001
2.961137e+002	1.522217e-001
2.961194e+002	1.522827e-001
2.961252e+002	1.519775e-001
2.961310e+002	1.513062e-001
2.961368e+002	1.512756e-001
2.961425e+002	1.507568e-001
2.961483e+002	1.503601e-001
2.961541e+002	1.503601e-001
2.961598e+002	1.500549e-001
