    nm         	mV
5.508263e+001	1.950000e+002
5.497483e+001	1.927500e+002
5.486704e+001	1.927500e+002
5.475925e+001	1.908750e+002
5.465145e+001	1.841250e+002
5.454366e+001	1.777500e+002
5.443587e+001	1.786875e+002
5.432808e+001	1.756563e+002
5.422028e+001	1.727500e+002
5.411249e+001	1.693438e+002
5.400470e+001	1.656250e+002
5.389690e+001	1.622812e+002
5.378911e+001	1.595000e+002
5.368132e+001	1.567500e+002
5.357353e+001	1.538125e+002
5.346573e+001	1.503750e+002
5.335794e+001	1.472500e+002
5.325015e+001	1.448438e+002
5.314235e+001	1.425312e+002
5.303456e+001	1.398437e+002
5.292677e+001	1.365312e+002
5.281898e+001	1.334687e+002
5.271118e+001	1.308750e+002
5.260339e+001	1.285000e+002
5.249560e+001	1.255938e+002
5.238780e+001	1.221250e+002
5.228001e+001	1.187500e+002
5.217222e+001	1.158125e+002
5.206443e+001	1.131563e+002
5.195663e+001	1.100312e+002
5.184884e+001	1.063125e+002
5.174105e+001	1.026875e+002
5.163325e+001	9.978125e+001
5.152546e+001	9.703125e+001
5.141767e+001	9.409375e+001
5.130988e+001	9.068750e+001
5.120208e+001	8.743750e+001
5.109429e+001	8.490625e+001
5.098650e+001	8.268750e+001
5.087870e+001	8.037500e+001
5.077091e+001	7.740625e+001
5.066312e+001	7.431250e+001
5.055533e+001	7.184375e+001
5.044753e+001	6.975000e+001
5.033974e+001	6.740625e+001
5.023195e+001	6.465625e+001
5.012415e+001	6.162500e+001
5.001636e+001	5.890625e+001
4.990857e+001	5.656250e+001
4.980078e+001	5.415625e+001
4.969298e+001	5.121875e+001
4.958519e+001	4.790625e+001
4.947740e+001	4.496875e+001
4.936960e+001	4.243750e+001
4.926181e+001	3.996875e+001
4.915402e+001	3.709375e+001
4.904622e+001	3.393750e+001
4.893843e+001	3.112500e+001
4.883064e+001	2.881250e+001
4.872285e+001	2.668750e+001
4.861505e+001	2.431250e+001
4.850726e+001	2.137500e+001
4.839947e+001	1.865625e+001
4.829167e+001	1.650000e+001
4.818388e+001	1.453125e+001
4.807609e+001	1.246875e+001
4.796830e+001	9.656250e+000
4.786050e+001	6.906250e+000
4.775271e+001	4.687500e+000
4.764492e+001	2.718750e+000
4.753712e+001	5.937499e-001
4.742933e+001	-2.218750e+000
4.732154e+001	-5.218750e+000
4.721375e+001	-7.625000e+000
4.710595e+001	-9.593750e+000
4.699816e+001	-1.171875e+001
4.689037e+001	-1.434375e+001
4.678257e+001	-1.731250e+001
4.667478e+001	-1.950000e+001
4.656699e+001	-2.115625e+001
4.645920e+001	-2.284375e+001
4.635140e+001	-2.509375e+001
4.624361e+001	-2.775000e+001
4.613582e+001	-2.959375e+001
4.602802e+001	-3.090625e+001
4.592023e+001	-3.221875e+001
4.581244e+001	-3.418750e+001
4.570465e+001	-3.643750e+001
4.559685e+001	-3.803125e+001
4.548906e+001	-3.896875e+001
4.538127e+001	-3.993750e+001
4.527347e+001	-4.150000e+001
4.516568e+001	-4.350000e+001
4.505789e+001	-4.496875e+001
4.495010e+001	-4.565625e+001
4.484230e+001	-4.653125e+001
4.473451e+001	-4.759375e+001
4.462672e+001	-4.884375e+001
4.451892e+001	-4.953125e+001
4.441113e+001	-4.968750e+001
4.430334e+001	-4.984375e+001
4.419555e+001	-4.993750e+001
4.408775e+001	-4.996875e+001
4.397996e+001	-4.962500e+001
4.387217e+001	-4.884375e+001
4.376437e+001	-4.812500e+001
4.365658e+001	-4.753125e+001
4.354879e+001	-4.665625e+001
4.344099e+001	-4.509375e+001
4.333320e+001	-4.331250e+001
4.322541e+001	-4.156250e+001
4.311762e+001	-3.987500e+001
4.300982e+001	-3.825000e+001
4.290203e+001	-3.681250e+001
4.279424e+001	-3.546875e+001
4.268644e+001	-3.409375e+001
4.257865e+001	-3.268750e+001
4.247086e+001	-3.125000e+001
4.236307e+001	-2.990625e+001
4.225527e+001	-2.884375e+001
4.214748e+001	-2.831250e+001
4.203969e+001	-2.778125e+001
4.193189e+001	-2.721875e+001
4.182410e+001	-2.665625e+001
4.171631e+001	-2.615625e+001
4.160852e+001	-2.568750e+001
4.150072e+001	-2.525000e+001
4.139293e+001	-2.478125e+001
4.128514e+001	-2.425000e+001
4.117734e+001	-2.371875e+001
4.106955e+001	-2.321875e+001
4.096176e+001	-2.265625e+001
4.085397e+001	-2.212500e+001
4.074617e+001	-2.153125e+001
4.063838e+001	-2.096875e+001
4.053059e+001	-2.046875e+001
4.042279e+001	-2.000000e+001
4.031500e+001	-1.946875e+001
4.020721e+001	-1.881250e+001
4.009942e+001	-1.812500e+001
3.999162e+001	-1.746875e+001
3.988383e+001	-1.681250e+001
3.977604e+001	-1.609375e+001
3.966824e+001	-1.534375e+001
3.956045e+001	-1.459375e+001
3.945266e+001	-1.387500e+001
3.934487e+001	-1.315625e+001
3.923707e+001	-1.237500e+001
3.912928e+001	-1.150000e+001
3.902149e+001	-1.062500e+001
3.891369e+001	-9.843750e+000
3.880590e+001	-9.125000e+000
3.869811e+001	-8.406250e+000
3.859031e+001	-7.656250e+000
3.848252e+001	-6.906250e+000
3.837473e+001	-6.218750e+000
3.826694e+001	-5.562500e+000
3.815914e+001	-4.906250e+000
3.805135e+001	-4.187500e+000
3.794356e+001	-3.500000e+000
3.783576e+001	-2.875000e+000
3.772797e+001	-2.281250e+000
3.762018e+001	-1.656250e+000
3.751239e+001	-9.999999e-001
3.740459e+001	-3.125000e-001
3.729680e+001	3.437500e-001
3.718901e+001	9.375000e-001
3.708121e+001	1.562500e+000
3.697342e+001	2.218750e+000
3.686563e+001	2.875000e+000
3.675784e+001	3.468750e+000
3.665004e+001	4.062500e+000
3.654225e+001	4.718750e+000
3.643446e+001	5.375000e+000
3.632666e+001	6.031250e+000
3.621887e+001	6.656250e+000
3.611108e+001	7.250000e+000
3.600329e+001	7.875000e+000
3.589549e+001	8.500000e+000
3.578770e+001	9.125000e+000
3.567991e+001	9.718750e+000
3.557211e+001	1.031250e+001
3.546432e+001	1.087500e+001
3.535653e+001	1.146875e+001
3.524874e+001	1.203125e+001
3.514094e+001	1.253125e+001
3.503315e+001	1.300000e+001
3.492536e+001	1.346875e+001
3.481756e+001	1.390625e+001
3.470977e+001	1.431250e+001
3.460198e+001	1.478125e+001
3.449419e+001	1.518750e+001
3.438639e+001	1.562500e+001
3.427860e+001	1.603125e+001
3.417081e+001	1.646875e+001
3.406301e+001	1.687500e+001
3.395522e+001	1.725000e+001
3.384743e+001	1.762500e+001
3.373964e+001	1.800000e+001
3.363184e+001	1.843750e+001
3.352405e+001	1.893750e+001
3.341626e+001	1.940625e+001
3.330846e+001	1.981250e+001
3.320067e+001	2.021875e+001
3.309288e+001	2.056250e+001
3.298508e+001	2.087500e+001
3.287729e+001	2.115625e+001
3.276950e+001	2.140625e+001
3.266171e+001	2.159375e+001
3.255391e+001	2.178125e+001
3.244612e+001	2.190625e+001
3.233833e+001	2.196875e+001
3.223053e+001	2.193750e+001
3.212274e+001	2.193750e+001
3.201495e+001	2.193750e+001
3.190716e+001	2.190625e+001
3.179936e+001	2.187500e+001
3.169157e+001	2.184375e+001
3.158378e+001	2.181250e+001
3.147598e+001	2.178125e+001
3.136819e+001	2.178125e+001
3.126040e+001	2.178125e+001
3.115261e+001	2.181250e+001
3.104481e+001	2.181250e+001
3.093702e+001	2.181250e+001
3.082923e+001	2.181250e+001
3.072143e+001	2.178125e+001
3.061364e+001	2.178125e+001
3.050585e+001	2.181250e+001
3.039806e+001	2.178125e+001
3.029026e+001	2.178125e+001
3.018247e+001	2.178125e+001
3.007468e+001	2.181250e+001
2.996688e+001	2.181250e+001
2.985909e+001	2.184375e+001
2.975130e+001	2.184375e+001
2.964350e+001	2.181250e+001
2.953571e+001	2.175000e+001
2.942791e+001	2.171875e+001
2.932012e+001	2.171875e+001
2.921232e+001	2.165625e+001
2.910453e+001	2.168750e+001
2.899673e+001	2.168750e+001
2.888894e+001	2.168750e+001
2.878114e+001	2.168750e+001
2.867335e+001	2.171875e+001
2.856556e+001	2.168750e+001
2.845776e+001	2.168750e+001
2.834997e+001	2.175000e+001
2.824217e+001	2.178125e+001
2.813438e+001	2.181250e+001
2.802658e+001	2.181250e+001
2.791879e+001	2.184375e+001
2.781099e+001	2.187500e+001
2.770320e+001	2.190625e+001
2.759540e+001	2.193750e+001
2.748761e+001	2.193750e+001
2.737981e+001	2.190625e+001
2.727202e+001	2.190625e+001
2.716422e+001	2.190625e+001
2.705643e+001	2.187500e+001
2.694864e+001	2.184375e+001
2.684084e+001	2.187500e+001
2.673305e+001	2.187500e+001
2.662525e+001	2.190625e+001
2.651746e+001	2.190625e+001
2.640966e+001	2.187500e+001
2.630187e+001	2.184375e+001
2.619407e+001	2.181250e+001
2.608628e+001	2.181250e+001
2.597848e+001	2.181250e+001
2.587069e+001	2.184375e+001
2.576289e+001	2.184375e+001
2.565510e+001	2.190625e+001
2.554730e+001	2.190625e+001
2.543951e+001	2.190625e+001
2.533172e+001	2.187500e+001
2.522392e+001	2.187500e+001
2.511613e+001	2.187500e+001
2.500833e+001	2.187500e+001
2.490054e+001	2.184375e+001
2.479274e+001	2.184375e+001
2.468495e+001	2.187500e+001
2.457715e+001	2.184375e+001
2.446936e+001	2.184375e+001
2.436156e+001	2.184375e+001
2.425377e+001	2.184375e+001
2.414597e+001	2.187500e+001
2.403818e+001	2.187500e+001
2.393038e+001	2.184375e+001
2.382259e+001	2.181250e+001
2.371480e+001	2.181250e+001
2.360700e+001	2.184375e+001
2.349921e+001	2.184375e+001
2.339141e+001	2.181250e+001
2.328362e+001	2.181250e+001
2.317582e+001	2.184375e+001
2.306803e+001	2.181250e+001
2.296023e+001	2.175000e+001
2.285244e+001	2.168750e+001
2.274464e+001	2.162500e+001
2.263685e+001	2.159375e+001
2.252905e+001	2.159375e+001
2.242126e+001	2.156250e+001
2.231346e+001	2.156250e+001
2.220567e+001	2.156250e+001
2.209788e+001	2.156250e+001
2.199008e+001	2.156250e+001
2.188229e+001	2.153125e+001
2.177449e+001	2.153125e+001
2.166670e+001	2.153125e+001
2.155890e+001	2.153125e+001
2.145111e+001	2.159375e+001
2.134331e+001	2.162500e+001
2.123552e+001	2.165625e+001
2.112772e+001	2.168750e+001
2.101993e+001	2.168750e+001
2.091213e+001	2.171875e+001
2.080434e+001	2.181250e+001
2.069654e+001	2.187500e+001
2.058875e+001	2.190625e+001
2.048096e+001	2.196875e+001
2.037316e+001	2.209375e+001
2.026537e+001	2.221875e+001
2.015757e+001	2.231250e+001
2.004978e+001	2.243750e+001
1.994198e+001	2.256250e+001
1.983419e+001	2.268750e+001
1.972639e+001	2.281250e+001
1.961860e+001	2.287500e+001
1.951080e+001	2.287500e+001
1.940301e+001	2.290625e+001
1.929521e+001	2.296875e+001
1.918742e+001	2.303125e+001
1.907962e+001	2.306250e+001
1.897183e+001	2.309375e+001
1.886404e+001	2.312500e+001
1.875624e+001	2.312500e+001
1.864845e+001	2.312500e+001
1.854065e+001	2.312500e+001
1.843286e+001	2.309375e+001
1.832506e+001	2.309375e+001
1.821727e+001	2.309375e+001
1.810947e+001	2.309375e+001
1.800168e+001	2.309375e+001
1.789388e+001	2.309375e+001
1.778609e+001	2.309375e+001
1.767829e+001	2.309375e+001
1.757050e+001	2.309375e+001
1.746271e+001	2.309375e+001
1.735491e+001	2.312500e+001
1.724712e+001	2.309375e+001
1.713932e+001	2.309375e+001
1.703153e+001	2.309375e+001
1.692373e+001	2.312500e+001
1.681594e+001	2.312500e+001
1.670814e+001	2.312500e+001
1.660035e+001	2.309375e+001
1.649255e+001	2.309375e+001
1.638476e+001	2.306250e+001
1.627696e+001	2.300000e+001
1.616917e+001	2.293750e+001
1.606137e+001	2.287500e+001
1.595358e+001	2.287500e+001
1.584579e+001	2.287500e+001
1.573799e+001	2.290625e+001
1.563020e+001	2.290625e+001
1.552240e+001	2.293750e+001
1.541461e+001	2.296875e+001
1.530681e+001	2.300000e+001
1.519902e+001	2.300000e+001
1.509122e+001	2.300000e+001
1.498343e+001	2.306250e+001
1.487563e+001	2.312500e+001
1.476784e+001	2.318750e+001
1.466004e+001	2.325000e+001
1.455225e+001	2.328125e+001
1.444445e+001	2.328125e+001
1.433666e+001	2.331250e+001
1.422887e+001	2.334375e+001
1.412107e+001	2.337500e+001
1.401328e+001	2.337500e+001
1.390548e+001	2.337500e+001
1.379769e+001	2.340625e+001
1.368989e+001	2.340625e+001
1.358210e+001	2.343750e+001
1.347430e+001	2.343750e+001
1.336651e+001	2.343750e+001
1.325871e+001	2.346875e+001
1.315092e+001	2.350000e+001
1.304312e+001	2.346875e+001
1.293533e+001	2.343750e+001
1.282753e+001	2.343750e+001
1.271974e+001	2.346875e+001
1.261195e+001	2.346875e+001
1.250415e+001	2.346875e+001
1.239636e+001	2.350000e+001
1.228856e+001	2.350000e+001
1.218077e+001	2.353125e+001
1.207297e+001	2.353125e+001
1.196518e+001	2.353125e+001
1.185738e+001	2.353125e+001
1.174959e+001	2.353125e+001
1.164179e+001	2.356250e+001
1.153400e+001	2.356250e+001
1.142620e+001	2.356250e+001
1.131841e+001	2.359375e+001
1.121061e+001	2.365625e+001
1.110282e+001	2.365625e+001
1.099503e+001	2.365625e+001
1.088723e+001	2.362500e+001
1.077944e+001	2.362500e+001
1.067164e+001	2.359375e+001
1.056385e+001	2.359375e+001
1.045605e+001	2.362500e+001
1.034826e+001	2.362500e+001
1.024046e+001	2.362500e+001
1.013267e+001	2.362500e+001
1.002487e+001	2.362500e+001
9.917079e+000	2.362500e+001
9.809284e+000	2.362500e+001
9.701489e+000	2.359375e+001
9.593695e+000	2.353125e+001
9.485900e+000	2.346875e+001
9.378105e+000	2.343750e+001
9.270311e+000	2.337500e+001
9.162516e+000	2.331250e+001
9.054721e+000	2.325000e+001
8.946927e+000	2.321875e+001
8.839132e+000	2.318750e+001
8.731337e+000	2.315625e+001
8.623543e+000	2.309375e+001
8.515748e+000	2.303125e+001
8.407953e+000	2.300000e+001
8.300159e+000	2.300000e+001
8.192364e+000	2.296875e+001
8.084569e+000	2.293750e+001
7.976775e+000	2.290625e+001
7.868980e+000	2.290625e+001
7.761185e+000	2.290625e+001
7.653391e+000	2.287500e+001
7.545596e+000	2.284375e+001
7.437802e+000	2.281250e+001
7.330008e+000	2.275000e+001
7.222213e+000	2.271875e+001
7.114419e+000	2.268750e+001
7.006625e+000	2.268750e+001
6.898831e+000	2.271875e+001
6.791037e+000	2.275000e+001
6.683242e+000	2.281250e+001
6.575448e+000	2.284375e+001
6.467654e+000	2.287500e+001
6.359860e+000	2.290625e+001
6.252066e+000	2.293750e+001
6.144271e+000	2.296875e+001
6.036477e+000	2.303125e+001
5.928683e+000	2.306250e+001
5.820889e+000	2.312500e+001
5.713094e+000	2.315625e+001
5.605300e+000	2.318750e+001
5.497506e+000	2.321875e+001
5.389712e+000	2.321875e+001
5.281918e+000	2.318750e+001
5.174123e+000	2.315625e+001
5.066329e+000	2.312500e+001
4.958535e+000	2.309375e+001
4.850741e+000	2.306250e+001
4.742946e+000	2.303125e+001
4.635152e+000	2.303125e+001
4.527358e+000	2.303125e+001
4.419564e+000	2.303125e+001
4.311770e+000	2.303125e+001
4.203975e+000	2.303125e+001
4.096181e+000	2.306250e+001
3.988387e+000	2.312500e+001
3.880593e+000	2.315625e+001
3.772799e+000	2.321875e+001
3.665004e+000	2.325000e+001
3.557210e+000	2.328125e+001
3.449416e+000	2.331250e+001
3.341622e+000	2.334375e+001
3.233827e+000	2.337500e+001
3.126033e+000	2.337500e+001
3.018239e+000	2.337500e+001
2.910445e+000	2.337500e+001
2.802651e+000	2.334375e+001
2.694856e+000	2.331250e+001
2.587062e+000	2.331250e+001
2.479268e+000	2.331250e+001
2.371474e+000	2.331250e+001
2.263679e+000	2.334375e+001
2.155885e+000	2.337500e+001
2.048091e+000	2.340625e+001
1.940297e+000	2.340625e+001
1.832503e+000	2.340625e+001
1.724708e+000	2.340625e+001
1.616914e+000	2.340625e+001
1.509120e+000	2.340625e+001
1.401326e+000	2.340625e+001
1.293532e+000	2.340625e+001
1.185737e+000	2.337500e+001
1.077943e+000	2.337500e+001
9.701489e-001	2.334375e+001
8.623546e-001	2.334375e+001
7.545604e-001	2.328125e+001
6.467662e-001	2.325000e+001
5.389720e-001	2.325000e+001
4.311778e-001	2.325000e+001
3.233835e-001	2.362500e+001
2.155893e-001	2.287500e+001
1.077951e-001	2.325000e+001
8.743006e-007	2.325000e+001
