    kHz         	 V
2.876223e+002	9.146118e-002
2.876279e+002	9.185791e-002
2.876336e+002	9.210205e-002
2.876393e+002	9.222412e-002
2.876449e+002	9.167480e-002
2.876506e+002	9.164429e-002
2.876563e+002	9.167480e-002
2.876619e+002	9.231567e-002
2.876676e+002	9.066772e-002
2.876732e+002	9.088135e-002
2.876789e+002	9.143066e-002
2.876845e+002	9.124756e-002
2.876902e+002	9.146118e-002
2.876958e+002	9.176636e-002
2.877015e+002	9.164429e-002
2.877072e+002	9.149170e-002
2.877128e+002	9.094238e-002
2.877185e+002	9.130859e-002
2.877242e+002	9.191895e-002
2.877298e+002	9.140015e-002
2.877355e+002	9.173584e-002
2.877411e+002	9.149170e-002
2.877468e+002	9.213257e-002
2.877524e+002	9.225464e-002
2.877581e+002	9.097290e-002
2.877638e+002	9.124756e-002
2.877694e+002	9.164429e-002
2.877751e+002	9.228516e-002
2.877807e+002	9.188843e-002
2.877864e+002	9.207153e-002
2.877921e+002	9.240723e-002
2.877977e+002	9.240723e-002
2.878034e+002	9.237671e-002
2.878090e+002	9.240723e-002
2.878147e+002	9.207153e-002
2.878203e+002	9.255981e-002
2.878260e+002	9.298706e-002
2.878317e+002	9.310913e-002
2.878373e+002	9.301758e-002
2.878430e+002	9.408569e-002
2.878486e+002	9.387207e-002
2.878543e+002	9.375000e-002
2.878600e+002	9.353638e-002
2.878656e+002	9.307861e-002
2.878713e+002	9.347534e-002
2.878769e+002	9.344482e-002
2.878826e+002	9.365845e-002
2.878883e+002	9.420776e-002
2.878939e+002	9.454346e-002
2.878996e+002	9.399414e-002
2.879052e+002	9.381104e-002
2.879109e+002	9.512329e-002
2.879165e+002	9.524536e-002
2.879222e+002	9.414673e-002
2.879279e+002	9.524536e-002
2.879335e+002	9.533691e-002
2.879392e+002	9.530640e-002
2.879448e+002	9.585571e-002
2.879505e+002	9.689331e-002
2.879562e+002	9.597778e-002
2.879618e+002	9.686279e-002
2.879675e+002	9.713745e-002
2.879731e+002	9.756470e-002
2.879788e+002	9.686279e-002
2.879844e+002	9.762573e-002
2.879901e+002	9.786987e-002
2.879958e+002	9.829712e-002
2.880014e+002	9.899902e-002
2.880071e+002	9.881592e-002
2.880127e+002	9.881592e-002
2.880184e+002	9.912109e-002
2.880241e+002	9.954834e-002
2.880297e+002	9.997559e-002
2.880354e+002	1.007080e-001
2.880410e+002	1.009521e-001
2.880467e+002	1.007996e-001
2.880523e+002	1.015015e-001
2.880580e+002	1.011963e-001
2.880637e+002	1.017761e-001
2.880693e+002	1.022644e-001
2.880750e+002	1.019592e-001
2.880807e+002	1.036072e-001
2.880863e+002	1.041870e-001
2.880920e+002	1.031494e-001
2.880976e+002	1.044617e-001
2.881033e+002	1.052246e-001
2.881089e+002	1.052551e-001
2.881146e+002	1.052856e-001
2.881203e+002	1.064758e-001
2.881259e+002	1.066895e-001
2.881316e+002	1.071167e-001
2.881372e+002	1.073303e-001
2.881429e+002	1.085205e-001
2.881486e+002	1.095276e-001
2.881542e+002	1.091614e-001
2.881599e+002	1.098633e-001
2.881655e+002	1.105652e-001
2.881712e+002	1.109924e-001
2.881768e+002	1.111145e-001
2.881825e+002	1.120911e-001
2.881882e+002	1.119385e-001
2.881938e+002	1.121216e-001
2.881995e+002	1.140442e-001
2.882052e+002	1.144714e-001
2.882108e+002	1.156921e-001
2.882165e+002	1.160889e-001
2.882221e+002	1.158447e-001
2.882278e+002	1.163635e-001
2.882334e+002	1.174011e-001
2.882391e+002	1.176453e-001
2.882448e+002	1.186523e-001
2.882504e+002	1.199646e-001
2.882561e+002	1.200867e-001
2.882618e+002	1.215210e-001
2.882674e+002	1.212463e-001
2.882731e+002	1.223145e-001
2.882787e+002	1.230469e-001
2.882844e+002	1.242981e-001
2.882900e+002	1.244812e-001
2.882957e+002	1.258545e-001
2.883013e+002	1.264343e-001
2.883070e+002	1.278687e-001
2.883127e+002	1.284180e-001
2.883183e+002	1.286011e-001
2.883240e+002	1.300049e-001
2.883297e+002	1.305237e-001
2.883353e+002	1.313171e-001
2.883410e+002	1.330261e-001
2.883466e+002	1.338196e-001
2.883523e+002	1.349487e-001
2.883579e+002	1.359863e-001
2.883636e+002	1.367798e-001
2.883693e+002	1.383667e-001
2.883749e+002	1.388855e-001
2.883806e+002	1.396179e-001
2.883863e+002	1.410522e-001
2.883919e+002	1.429443e-001
2.883976e+002	1.439819e-001
2.884032e+002	1.449280e-001
2.884089e+002	1.461792e-001
2.884145e+002	1.478577e-001
2.884202e+002	1.477051e-001
2.884258e+002	1.489563e-001
2.884315e+002	1.506958e-001
2.884372e+002	1.528625e-001
2.884428e+002	1.530762e-001
2.884485e+002	1.545105e-001
2.884542e+002	1.557922e-001
2.884598e+002	1.576233e-001
2.884655e+002	1.588745e-001
2.884711e+002	1.607056e-001
2.884768e+002	1.622620e-001
2.884824e+002	1.629944e-001
2.884881e+002	1.650391e-001
2.884938e+002	1.663208e-001
2.884994e+002	1.683350e-001
2.885051e+002	1.697998e-001
2.885107e+002	1.706543e-001
2.885164e+002	1.739502e-001
2.885221e+002	1.745605e-001
2.885277e+002	1.762085e-001
2.885334e+002	1.779480e-001
2.885390e+002	1.799927e-001
2.885447e+002	1.815796e-001
2.885503e+002	1.846924e-001
2.885560e+002	1.855774e-001
2.885617e+002	1.877136e-001
2.885673e+002	1.901855e-001
2.885730e+002	1.917725e-001
2.885786e+002	1.929932e-001
2.885843e+002	1.957703e-001
2.885900e+002	1.976929e-001
2.885956e+002	2.003479e-001
2.886013e+002	2.025452e-001
2.886069e+002	2.040405e-001
2.886126e+002	2.067566e-001
2.886182e+002	2.088928e-001
2.886239e+002	2.110901e-001
2.886296e+002	2.134094e-001
2.886352e+002	2.169189e-001
2.886409e+002	2.185974e-001
2.886465e+002	2.210693e-001
2.886522e+002	2.239380e-001
2.886579e+002	2.263489e-001
2.886635e+002	2.293396e-001
2.886692e+002	2.316895e-001
2.886748e+002	2.341614e-001
2.886805e+002	2.375793e-001
2.886862e+002	2.412109e-001
2.886918e+002	2.428589e-001
2.886975e+002	2.451782e-001
2.887031e+002	2.495422e-001
2.887088e+002	2.516174e-001
2.887144e+002	2.547913e-001
2.887201e+002	2.581787e-001
2.887258e+002	2.619324e-001
2.887314e+002	2.651367e-001
2.887371e+002	2.669678e-001
2.887428e+002	2.701111e-001
2.887484e+002	2.740784e-001
2.887541e+002	2.770996e-001
2.887597e+002	2.799683e-001
2.887654e+002	2.841492e-001
2.887710e+002	2.881165e-001
2.887767e+002	2.917175e-001
2.887823e+002	2.949219e-001
2.887880e+002	2.990112e-001
2.887937e+002	3.033447e-001
2.887993e+002	3.059692e-001
2.888050e+002	3.112488e-001
2.888107e+002	3.140869e-001
2.888163e+002	3.181763e-001
2.888220e+002	3.220215e-001
2.888276e+002	3.258667e-001
2.888333e+002	3.303833e-001
2.888389e+002	3.341980e-001
2.888446e+002	3.384094e-001
2.888503e+002	3.429565e-001
2.888559e+002	3.473511e-001
2.888616e+002	3.516235e-001
2.888673e+002	3.554382e-001
2.888729e+002	3.594360e-001
2.888786e+002	3.641357e-001
2.888842e+002	3.696289e-001
2.888899e+002	3.733215e-001
2.888955e+002	3.774109e-001
2.889012e+002	3.814697e-001
2.889068e+002	3.869019e-001
2.889125e+002	3.916931e-001
2.889182e+002	3.959351e-001
2.889238e+002	4.007874e-001
2.889295e+002	4.037476e-001
2.889352e+002	4.096680e-001
2.889408e+002	4.133301e-001
2.889465e+002	4.180298e-001
2.889521e+002	4.232178e-001
2.889578e+002	4.271240e-001
2.889634e+002	4.322815e-001
2.889691e+002	4.367981e-001
2.889748e+002	4.407349e-001
2.889804e+002	4.457092e-001
2.889861e+002	4.494324e-001
2.889918e+002	4.541321e-001
2.889974e+002	4.579163e-001
2.890031e+002	4.620972e-001
2.890087e+002	4.674072e-001
2.890144e+002	4.701843e-001
2.890200e+002	4.742737e-001
2.890257e+002	4.777222e-001
2.890313e+002	4.813232e-001
2.890370e+002	4.866638e-001
2.890427e+002	4.896240e-001
2.890483e+002	4.925842e-001
2.890540e+002	4.959106e-001
2.890597e+002	4.990540e-001
2.890653e+002	5.024719e-001
2.890710e+002	5.050354e-001
2.890766e+002	5.075989e-001
2.890823e+002	5.108643e-001
2.890879e+002	5.129700e-001
2.890936e+002	5.151978e-001
2.890992e+002	5.175781e-001
2.891049e+002	5.200500e-001
2.891106e+002	5.203247e-001
2.891162e+002	5.231628e-001
2.891219e+002	5.248108e-001
2.891276e+002	5.252991e-001
2.891332e+002	5.269165e-001
2.891389e+002	5.283813e-001
2.891445e+002	5.293579e-001
2.891502e+002	5.295105e-001
2.891558e+002	5.308533e-001
2.891615e+002	5.316162e-001
2.891672e+002	5.313416e-001
2.891728e+002	5.317688e-001
2.891785e+002	5.307617e-001
2.891842e+002	5.304565e-001
2.891898e+002	5.303040e-001
2.891955e+002	5.297852e-001
2.892011e+002	5.284424e-001
2.892068e+002	5.272827e-001
2.892124e+002	5.270996e-001
2.892181e+002	5.257263e-001
2.892238e+002	5.242310e-001
2.892294e+002	5.226440e-001
2.892351e+002	5.213928e-001
2.892407e+002	5.195923e-001
2.892464e+002	5.176697e-001
2.892521e+002	5.149536e-001
2.892577e+002	5.136719e-001
2.892634e+002	5.112610e-001
2.892690e+002	5.094299e-001
2.892747e+002	5.067139e-001
2.892803e+002	5.046387e-001
2.892860e+002	5.017700e-001
2.892917e+002	4.997864e-001
2.892973e+002	4.964294e-001
2.893030e+002	4.947815e-001
2.893086e+002	4.924316e-001
2.893143e+002	4.889832e-001
2.893200e+002	4.866028e-001
2.893256e+002	4.831848e-001
2.893313e+002	4.809570e-001
2.893369e+002	4.770203e-001
2.893426e+002	4.746399e-001
2.893483e+002	4.716187e-001
2.893539e+002	4.682007e-001
2.893596e+002	4.649353e-001
2.893652e+002	4.632568e-001
2.893709e+002	4.588928e-001
2.893765e+002	4.557800e-001
2.893822e+002	4.537659e-001
2.893879e+002	4.505920e-001
2.893935e+002	4.476624e-001
2.893992e+002	4.439392e-001
2.894048e+002	4.411926e-001
2.894105e+002	4.385681e-001
2.894162e+002	4.349060e-001
2.894218e+002	4.314575e-001
2.894275e+002	4.286804e-001
2.894331e+002	4.258423e-001
2.894388e+002	4.223328e-001
2.894444e+002	4.201965e-001
2.894501e+002	4.165039e-001
2.894558e+002	4.151611e-001
2.894614e+002	4.107361e-001
2.894671e+002	4.070129e-001
2.894728e+002	4.052124e-001
2.894784e+002	4.025879e-001
2.894841e+002	3.997192e-001
2.894897e+002	3.957825e-001
2.894954e+002	3.946228e-001
2.895010e+002	3.905334e-001
2.895067e+002	3.874512e-001
2.895123e+002	3.854675e-001
2.895180e+002	3.832092e-001
2.895237e+002	3.804016e-001
2.895293e+002	3.780518e-001
2.895350e+002	3.744202e-001
2.895407e+002	3.726807e-001
2.895463e+002	3.704529e-001
2.895520e+002	3.678589e-001
2.895576e+002	3.657532e-001
2.895633e+002	3.630066e-001
2.895689e+002	3.608398e-001
2.895746e+002	3.586121e-001
2.895802e+002	3.563232e-001
2.895859e+002	3.535156e-001
2.895916e+002	3.521729e-001
2.895973e+002	3.486633e-001
2.896029e+002	3.470459e-001
2.896086e+002	3.449707e-001
2.896142e+002	3.419800e-001
2.896199e+002	3.409424e-001
2.896255e+002	3.388977e-001
2.896312e+002	3.369751e-001
2.896368e+002	3.348083e-001
2.896425e+002	3.327026e-001
2.896482e+002	3.320007e-001
2.896538e+002	3.298950e-001
2.896595e+002	3.268127e-001
2.896652e+002	3.248596e-001
2.896708e+002	3.242798e-001
2.896765e+002	3.221436e-001
2.896821e+002	3.211670e-001
2.896878e+002	3.190918e-001
2.896934e+002	3.186340e-001
2.896991e+002	3.165283e-001
2.897047e+002	3.153687e-001
2.897104e+002	3.131409e-001
2.897161e+002	3.128052e-001
2.897217e+002	3.104248e-001
2.897274e+002	3.086548e-001
2.897331e+002	3.080750e-001
2.897387e+002	3.059387e-001
2.897444e+002	3.064270e-001
2.897500e+002	3.035278e-001
2.897557e+002	3.034668e-001
2.897613e+002	3.023682e-001
2.897670e+002	3.010559e-001
2.897727e+002	2.995911e-001
2.897783e+002	2.985229e-001
2.897840e+002	2.975464e-001
2.897897e+002	2.960815e-001
2.897953e+002	2.948914e-001
2.898010e+002	2.944946e-001
2.898066e+002	2.936096e-001
2.898123e+002	2.920227e-001
2.898179e+002	2.910767e-001
2.898236e+002	2.906799e-001
2.898293e+002	2.899475e-001
2.898349e+002	2.888489e-001
2.898406e+002	2.879944e-001
2.898463e+002	2.870483e-001
2.898519e+002	2.861023e-001
2.898576e+002	2.859802e-001
2.898632e+002	2.844849e-001
2.898689e+002	2.845764e-001
2.898745e+002	2.835999e-001
2.898802e+002	2.827454e-001
2.898858e+002	2.824402e-001
2.898915e+002	2.813416e-001
2.898972e+002	2.813721e-001
2.899028e+002	2.803345e-001
2.899085e+002	2.799377e-001
2.899142e+002	2.795410e-001
2.899198e+002	2.781982e-001
2.899255e+002	2.781372e-001
2.899311e+002	2.771301e-001
2.899368e+002	2.770081e-001
2.899424e+002	2.763062e-001
2.899481e+002	2.755127e-001
2.899538e+002	2.752075e-001
2.899594e+002	2.746277e-001
2.899651e+002	2.752075e-001
2.899707e+002	2.737122e-001
2.899764e+002	2.738037e-001
2.899821e+002	2.731934e-001
2.899877e+002	2.732544e-001
2.899934e+002	2.720642e-001
2.899990e+002	2.719727e-001
2.900047e+002	2.723389e-001
2.900103e+002	2.719727e-001
2.900160e+002	2.712097e-001
2.900217e+002	2.712402e-001
2.900273e+002	2.702942e-001
2.900330e+002	2.699890e-001
2.900386e+002	2.694092e-001
2.900443e+002	2.691956e-001
2.900500e+002	2.685852e-001
2.900556e+002	2.687988e-001
2.900613e+002	2.688293e-001
2.900669e+002	2.682800e-001
2.900726e+002	2.679138e-001
2.900783e+002	2.680359e-001
2.900839e+002	2.678528e-001
2.900896e+002	2.673340e-001
2.900952e+002	2.668457e-001
2.901009e+002	2.667542e-001
2.901065e+002	2.670288e-001
2.901122e+002	2.659912e-001
2.901179e+002	2.655945e-001
2.901235e+002	2.656555e-001
2.901292e+002	2.655640e-001
2.901348e+002	2.654114e-001
2.901405e+002	2.648926e-001
2.901462e+002	2.650146e-001
2.901518e+002	2.638245e-001
2.901575e+002	2.643738e-001
2.901631e+002	2.638855e-001
2.901688e+002	2.640686e-001
2.901744e+002	2.626648e-001
2.901801e+002	2.629089e-001
2.901858e+002	2.632141e-001
2.901914e+002	2.625122e-001
2.901971e+002	2.615356e-001
2.902027e+002	2.619934e-001
2.902084e+002	2.616577e-001
2.902141e+002	2.612610e-001
2.902197e+002	2.611694e-001
2.902254e+002	2.598877e-001
2.902310e+002	2.608032e-001
2.902367e+002	2.601624e-001
2.902423e+002	2.598877e-001
2.902480e+002	2.592468e-001
2.902537e+002	2.591553e-001
2.902593e+002	2.588806e-001
2.902650e+002	2.589417e-001
2.902707e+002	2.571716e-001
2.902763e+002	2.578735e-001
2.902820e+002	2.573547e-001
2.902876e+002	2.579041e-001
2.902933e+002	2.567139e-001
2.902989e+002	2.561035e-001
2.903046e+002	2.560425e-001
2.903103e+002	2.554626e-001
2.903159e+002	2.553101e-001
2.903216e+002	2.548523e-001
2.903272e+002	2.544250e-001
2.903329e+002	2.537537e-001
2.903386e+002	2.533264e-001
2.903442e+002	2.529602e-001
2.903499e+002	2.527161e-001
2.903555e+002	2.522583e-001
2.903612e+002	2.519226e-001
2.903668e+002	2.506714e-001
2.903725e+002	2.504272e-001
2.903782e+002	2.500916e-001
2.903838e+002	2.498779e-001
2.903895e+002	2.500000e-001
2.903952e+002	2.493591e-001
2.904008e+002	2.481689e-001
2.904065e+002	2.479248e-001
2.904121e+002	2.464294e-001
2.904178e+002	2.460022e-001
2.904234e+002	2.467346e-001
2.904291e+002	2.457581e-001
2.904348e+002	2.454224e-001
2.904404e+002	2.448120e-001
2.904461e+002	2.443237e-001
2.904518e+002	2.432556e-001
2.904574e+002	2.430725e-001
2.904631e+002	2.424927e-001
2.904687e+002	2.410889e-001
2.904744e+002	2.400818e-001
2.904800e+002	2.406921e-001
2.904857e+002	2.397156e-001
2.904913e+002	2.394104e-001
2.904970e+002	2.384033e-001
2.905027e+002	2.381897e-001
2.905083e+002	2.375183e-001
2.905140e+002	2.365723e-001
