3.700000E+1			8.337745E-5			2.413607E-5			1.082619E+0			2.822023E-1
3.800000E+1			1.767159E-6			4.138842E-7			-1.142326E-1			7.493593E-1
3.900000E+1			2.199647E-6			1.452189E-7			-8.914577E-1			9.069830E-2
4.000000E+1			1.448401E-6			5.672605E-7			-1.756114E+0			3.203214E-1
4.100000E+1			6.830813E-7			2.058057E-7			7.231558E-1			3.453306E-1
4.200000E+1			1.025224E-6			2.237848E-7			-4.523245E-1			1.208619E+0
4.300000E+1			8.650233E-7			1.350419E-7			-1.654751E+0			3.079629E-1
4.400000E+1			7.524524E-7			2.848012E-7			-8.677523E-1			6.809292E-1
4.500000E+1			1.833789E-6			3.508902E-7			-1.173711E-1			1.630936E-1
4.600000E+1			1.014693E-6			2.906262E-7			7.105956E-1			7.058280E-1
4.700000E+1			1.485614E-6			2.435170E-7			5.730498E-1			1.002568E+0
4.800000E+1			2.584038E-6			3.442383E-7			1.231924E+0			1.727558E-1
4.900000E+1			9.145985E-6			1.949985E-6			8.763095E-1			9.336043E-1
5.000000E+1			1.365459E-4			2.932273E-5			1.873695E+0			7.553830E-1
5.100000E+1			5.492587E-5			1.771900E-5			-7.879231E-1			8.567524E-1
5.200000E+1			1.222717E-5			3.864132E-6			8.367943E-1			1.343698E+0
5.300000E+1			4.508149E-6			8.036529E-7			7.650216E-2			8.433157E-1
5.400000E+1			2.311009E-6			2.346516E-7			9.995926E-1			1.407708E-1
5.500000E+1			1.656075E-6			2.761231E-7			-1.056098E+0			6.444535E-1
5.600000E+1			9.045108E-7			2.611406E-7			3.352689E-1			1.998146E-1
5.700000E+1			7.964699E-7			5.793593E-8			-1.021828E+0			6.421282E-1
5.800000E+1			8.386496E-7			7.939801E-8			-1.184205E+0			4.323364E-1
5.900000E+1			7.704585E-7			1.603450E-7			-1.406241E+0			2.638567E-1
6.000000E+1			1.010880E-6			2.029116E-7			2.097749E-1			3.959103E-1
6.100000E+1			9.309209E-7			1.356049E-7			1.986321E+0			3.114575E-1
6.200000E+1			5.582770E-7			1.509650E-7			2.354743E-1			8.824236E-1
6.300000E+1			7.602238E-7			1.527296E-7			-3.627873E-1			3.294031E-1
6.400000E+1			1.148468E-6			1.932596E-7			-1.102135E-1			1.085411E+0
6.500000E+1			8.880952E-7			9.743136E-8			2.439036E+0			3.374416E-1
6.600000E+1			1.416938E-6			1.630353E-7			-3.288905E-1			1.038810E+0
6.700000E+1			1.403204E-6			2.447125E-7			1.348108E+0			2.600286E-1
6.800000E+1			2.066814E-6			1.353347E-7			5.156437E-1			8.109330E-1
6.900000E+1			2.332242E-6			4.074104E-7			-2.781265E+0			1.885450E-1
7.000000E+1			4.362152E-6			5.994988E-7			5.777458E-1			6.790700E-1
7.100000E+1			7.147570E-6			9.665168E-7			2.343431E+0			7.075083E-2
7.200000E+1			1.023808E-5			3.210557E-7			4.195193E-1			1.003834E+0
7.300000E+1			1.954479E-5			2.067032E-6			-2.092879E+0			5.721390E-2
7.400000E+1			6.637240E-5			9.361349E-6			1.348860E+0			7.896339E-1
7.500000E+1			1.553021E-4			1.914827E-5			9.607783E-1			3.125848E-1
7.600000E+1			9.039884E-5			1.995738E-5			1.242614E+0			6.922086E-1
7.700000E+1			3.120252E-5			9.185914E-6			1.002926E+0			1.151788E-1
7.800000E+1			1.338634E-5			2.097546E-6			-1.064078E+0			7.909445E-1
7.900000E+1			6.164576E-6			8.611505E-7			-1.944918E-2			1.399457E-1
8.000000E+1			3.271805E-6			8.398131E-7			4.188998E-1			7.560200E-1
8.100000E+1			3.447637E-6			2.643248E-7			7.477391E-1			1.106627E-1
8.200000E+1			1.803736E-6			2.442223E-7			6.855017E-2			8.991876E-1
8.300000E+1			1.560583E-6			1.314962E-7			-2.062504E+0			7.299266E-2
8.400000E+1			1.091648E-6			6.148972E-8			-4.380944E-2			9.141336E-1
8.500000E+1			9.398130E-7			1.536762E-7			-1.439161E+0			2.351911E-1
8.600000E+1			8.506226E-7			2.267992E-7			-1.191688E+0			5.985015E-1
8.700000E+1			6.361661E-7			7.341822E-8			-1.552651E+0			3.357833E-1
8.800000E+1			6.150654E-7			1.357744E-7			6.110865E-1			9.230499E-1
8.900000E+1			5.897265E-7			9.130950E-8			-5.818569E-2			1.145309E+0
9.000000E+1			7.497202E-7			2.145057E-7			-1.194040E+0			8.404522E-1
9.100000E+1			8.127689E-7			1.507502E-7			-1.705541E+0			9.251867E-1
9.200000E+1			8.831904E-7			1.432548E-7			1.091547E+0			1.041711E+0
9.300000E+1			7.003973E-7			1.611163E-7			-3.619233E-1			1.022530E+0
9.400000E+1			7.338821E-7			1.119825E-7			-6.182363E-1			8.490522E-1
9.500000E+1			1.693768E-6			3.026357E-7			5.133259E-2			9.662326E-1
9.600000E+1			1.177681E-6			1.492383E-7			1.684879E-2			1.358310E-1
9.700000E+1			2.186360E-6			3.981902E-7			-8.953738E-1			7.828198E-1
9.800000E+1			5.399726E-6			6.036915E-7			1.981391E+0			4.914957E-2
9.900000E+1			1.590167E-5			2.576533E-6			1.571423E+0			7.199647E-1
1.000000E+2			9.357934E-5			1.686194E-5			-2.607256E+0			4.085160E-1
1.010000E+2			3.637734E-5			1.659131E-5			-1.446720E+0			8.077760E-1
1.020000E+2			7.732901E-6			2.370048E-6			1.012591E+0			1.065965E-1
1.030000E+2			3.272675E-6			5.337263E-7			-3.206187E-1			8.604083E-1
1.040000E+2			2.135110E-6			4.276185E-7			-1.993019E+0			1.064016E+0
1.050000E+2			1.059662E-6			1.432056E-7			-4.754098E-1			6.975853E-1
1.060000E+2			7.624585E-7			2.621482E-7			-1.602768E+0			1.615240E-1
1.070000E+2			7.463806E-7			1.576193E-7			-9.681338E-1			1.017725E+0
1.080000E+2			7.060985E-7			2.120330E-7			-2.211959E+0			3.636030E-1
1.090000E+2			7.338266E-7			6.849562E-8			5.208559E-1			1.203921E+0
1.100000E+2			5.927189E-7			1.071272E-7			-1.406740E+0			7.633441E-1
1.110000E+2			1.081820E-6			5.337339E-7			5.606668E-3			8.591895E-1
1.120000E+2			3.974400E-7			1.179913E-7			1.429513E-1			7.681108E-1
1.130000E+2			7.773093E-7			4.859674E-8			1.536955E+0			1.060553E+0
1.140000E+2			7.117283E-7			1.391628E-7			-1.096129E+0			6.756207E-1
1.150000E+2			9.645046E-7			1.838353E-7			1.394448E+0			1.004782E+0
1.160000E+2			1.750520E-6			7.525097E-7			2.941075E-1			9.785312E-1
1.170000E+2			1.023820E-6			1.946852E-7			-1.783139E+0			1.079710E+0
1.180000E+2			1.090757E-6			1.499454E-7			1.347793E+0			7.594199E-1
1.190000E+2			1.976048E-6			1.315607E-7			2.370898E+0			1.163065E-1
1.200000E+2			2.007917E-6			3.334612E-7			6.061590E-1			7.164127E-1
1.210000E+2			3.308635E-6			7.758012E-7			1.676416E+0			9.556802E-1
1.220000E+2			5.048010E-6			9.644743E-7			3.155508E-1			1.062147E+0
1.230000E+2			1.261624E-5			1.381938E-6			-1.418548E+0			4.669795E-2
1.240000E+2			3.846769E-5			5.565570E-6			-1.265287E+0			7.679765E-1
1.250000E+2			1.333688E-4			2.066544E-5			3.496715E-1			7.658099E-1
1.260000E+2			5.947669E-5			1.553345E-5			6.322232E-1			9.721188E-1
1.270000E+2			1.873588E-5			5.611791E-6			1.187027E+0			1.219971E-1
1.280000E+2			7.045463E-6			1.072328E-6			-2.206814E-1			9.835132E-1
1.290000E+2			5.602192E-6			6.873304E-7			6.682724E-1			8.304626E-1
1.300000E+2			3.439048E-6			1.161168E-6			1.392921E-1			9.712699E-1
1.310000E+2			1.755786E-6			1.691980E-7			-4.067301E-1			3.123448E-1
1.320000E+2			1.357402E-6			1.730159E-7			-3.379142E-1			9.985698E-1
1.330000E+2			8.557789E-7			1.141850E-7			1.479875E+0			3.796192E-1
1.340000E+2			1.004721E-6			2.489265E-7			-8.025757E-1			7.932474E-1
1.350000E+2			6.973750E-7			1.087030E-7			6.155002E-1			4.960162E-1
1.360000E+2			4.372873E-7			9.758663E-8			-1.507874E-1			7.434987E-1
1.370000E+2			5.705872E-7			1.550460E-7			1.128626E+0			1.013588E+0
1.380000E+2			4.996926E-7			9.265931E-8			1.784521E+0			3.747264E-1
1.390000E+2			5.531797E-7			9.283396E-8			-1.794287E+0			3.703847E-1
1.400000E+2			4.869506E-7			3.793407E-8			6.134514E-2			7.779867E-1
1.410000E+2			6.614974E-7			2.061385E-7			9.524261E-1			7.157138E-1
1.420000E+2			4.916588E-7			9.400627E-8			-6.336432E-1			9.144917E-1
1.430000E+2			7.595868E-7			1.085298E-7			9.347934E-1			9.672114E-1
1.440000E+2			4.832248E-7			1.194927E-7			-1.067853E+0			5.043429E-1
1.450000E+2			1.782635E-6			3.752956E-7			1.571884E-1			7.505212E-1
1.460000E+2			1.734731E-6			4.191636E-7			8.367717E-1			7.555277E-1
1.470000E+2			2.283906E-6			3.313992E-7			-4.721294E-1			8.050084E-1
1.480000E+2			4.880988E-6			7.055369E-7			1.703252E+0			3.201133E-1
1.490000E+2			1.601983E-5			2.300866E-6			3.672187E-2			9.312411E-1
1.500000E+2			8.577982E-5			1.529807E-5			1.104721E+0			9.189076E-1
1.510000E+2			3.221260E-5			1.537498E-5			-2.876452E-1			9.865899E-1
1.520000E+2			6.701741E-6			2.025589E-6			2.044757E+0			5.795754E-2
1.530000E+2			2.975760E-6			4.706763E-7			-1.290891E+0			8.102509E-1
1.540000E+2			2.076599E-6			3.891843E-7			-3.240907E-1			7.216998E-1
1.550000E+2			4.454539E-6			1.844505E-6			7.474878E-1			7.880940E-1
1.560000E+2			1.085731E-6			4.287762E-7			-9.225485E-1			5.106670E-1
1.570000E+2			8.931636E-7			2.069834E-7			1.253959E+0			9.003496E-1
1.580000E+2			7.157747E-7			1.789301E-7			-4.157316E-1			1.123031E+0
1.590000E+2			7.216521E-7			7.621275E-8			-7.352044E-1			1.180221E+0
1.600000E+2			1.208272E-6			4.669420E-7			-1.336194E+0			7.813499E-1
1.610000E+2			1.021786E-6			4.473398E-7			-2.273344E+0			4.537573E-1
1.620000E+2			7.569647E-7			4.898378E-7			6.935042E-1			9.699607E-1
1.630000E+2			2.700890E-7			6.925652E-8			-1.767373E+0			6.815362E-1
1.640000E+2			5.639443E-7			1.156894E-7			8.937663E-2			1.071607E+0
1.650000E+2			4.760217E-7			5.200779E-8			9.847399E-1			8.773348E-1
1.660000E+2			6.619164E-7			1.627514E-7			-2.278307E-2			9.463539E-1
1.670000E+2			7.768888E-7			1.557001E-7			6.327804E-1			1.009392E+0
1.680000E+2			1.901980E-6			1.247649E-6			4.713054E-1			9.282346E-1
1.690000E+2			1.274613E-6			2.431512E-7			-1.141081E+0			8.434072E-1
1.700000E+2			2.225875E-6			3.684168E-7			8.524861E-2			8.237281E-1
1.710000E+2			2.970634E-6			3.564154E-7			5.839800E-1			6.507553E-1
1.720000E+2			3.555390E-6			3.460871E-7			4.065365E-1			7.903188E-1
1.730000E+2			8.663087E-6			8.392877E-7			-1.500525E-1			1.060951E+0
1.740000E+2			2.823549E-5			4.068161E-6			-4.027725E-2			7.830168E-1
1.750000E+2			1.298475E-4			2.277086E-5			9.165758E-1			4.551119E-1
1.760000E+2			4.442403E-5			1.871122E-5			2.899771E-1			1.026163E+0
1.770000E+2			1.111348E-5			3.140552E-6			4.683616E-3			3.077670E-1
1.780000E+2			5.033206E-6			5.495429E-7			3.530636E-1			9.416497E-1
1.790000E+2			2.785921E-6			6.303516E-7			1.677378E-1			4.652544E-1
1.800000E+2			7.028296E-6			3.258279E-6			5.532074E-2			9.764648E-1
1.810000E+2			1.671758E-6			9.037644E-7			-7.347657E-1			1.021133E+0
1.820000E+2			9.127988E-7			1.177948E-7			-8.377712E-1			8.993776E-1
1.830000E+2			8.303992E-7			1.916375E-7			4.810496E-1			1.153009E+0
1.840000E+2			7.274879E-7			1.189401E-7			-6.097639E-1			1.096343E+0
1.850000E+2			6.577918E-7			1.908360E-7			-5.277039E-1			9.112738E-1
1.860000E+2			4.625485E-7			1.173190E-7			-5.999699E-1			8.493007E-1
1.870000E+2			3.892040E-7			1.148079E-7			-8.891186E-1			8.117866E-1
1.880000E+2			5.002148E-7			1.384645E-7			4.542859E-1			9.125226E-1
1.890000E+2			4.575848E-7			1.391542E-7			6.846478E-1			9.873150E-1
1.900000E+2			4.660240E-7			1.951338E-7			-6.968003E-1			4.818222E-1
1.910000E+2			5.284678E-7			1.240049E-7			1.727304E-1			8.368277E-1
1.920000E+2			6.746977E-7			9.822386E-8			6.035739E-1			4.275790E-1
1.930000E+2			4.555526E-7			9.537947E-8			6.436838E-1			9.488887E-1
1.940000E+2			9.993390E-7			2.537108E-7			-8.235199E-1			8.596944E-1
1.950000E+2			1.745273E-6			3.670384E-7			3.181378E-1			1.053726E+0
1.960000E+2			1.572343E-6			2.895665E-7			6.132416E-1			6.120309E-1
1.970000E+2			1.949546E-6			4.200441E-7			1.672623E-1			1.015989E+0
1.980000E+2			4.230425E-6			4.877719E-7			-7.728391E-2			1.169552E+0
1.990000E+2			1.425135E-5			1.983423E-6			-5.337708E-1			9.153261E-1
2.000000E+2			7.760963E-5			1.376642E-5			-8.696387E-1			2.920789E-1
2.010000E+2			2.894221E-5			1.428281E-5			-1.836898E-1			6.753436E-1
2.020000E+2			5.758624E-6			1.909836E-6			1.206516E+0			1.789081E-1
2.030000E+2			2.511864E-6			4.808845E-7			4.355293E-1			9.383096E-1
2.040000E+2			1.978788E-6			3.094823E-7			2.163726E+0			9.328314E-2
2.050000E+2			1.822518E-6			2.453216E-7			3.343324E-1			9.286836E-1
2.060000E+2			8.969260E-7			4.246524E-7			1.290755E+0			3.399626E-1
2.070000E+2			5.334129E-7			1.143721E-7			-4.650361E-1			9.147565E-1
2.080000E+2			5.436792E-7			1.111355E-7			1.136530E+0			7.354484E-1
2.090000E+2			3.036376E-7			9.280634E-8			4.398237E-1			9.131797E-1
2.100000E+2			2.831602E-7			7.844022E-8			1.005842E-1			1.046040E+0
2.110000E+2			2.479381E-7			4.452423E-8			2.179508E-1			3.948719E-1
2.120000E+2			2.595834E-7			9.759076E-8			2.305578E-1			3.502907E-1
2.130000E+2			4.323195E-7			9.006645E-8			9.203518E-1			5.118920E-1
2.140000E+2			2.249207E-6			1.708610E-6			5.540944E-1			9.521830E-1
2.150000E+2			1.134720E-6			1.902589E-7			-2.447987E+0			1.955671E-1
2.160000E+2			5.166370E-7			1.185440E-7			-6.345275E-1			9.289124E-1
2.170000E+2			6.769555E-7			2.161377E-7			9.469034E-1			6.542083E-1
2.180000E+2			3.079208E-6			2.796243E-6			2.804895E-1			8.192710E-1
2.190000E+2			4.545797E-6			2.518756E-6			-4.755274E-2			1.070583E+0
2.200000E+2			2.664199E-6			8.235988E-7			2.263241E-1			7.390029E-1
2.210000E+2			2.437452E-6			1.034170E-7			-3.426635E-1			1.148442E+0
2.220000E+2			3.067499E-6			1.535838E-7			-1.311653E-1			7.421165E-1
2.230000E+2			6.812717E-6			1.173678E-6			7.295406E-2			8.956454E-1
2.240000E+2			2.150995E-5			3.597832E-6			-3.385158E-1			7.850595E-1
2.250000E+2			1.026397E-4			1.732747E-5			2.268010E-1			1.075520E+0
2.260000E+2			3.350801E-5			1.692921E-5			5.176819E-1			6.596049E-1
2.270000E+2			8.441026E-6			1.950530E-6			5.067082E-1			6.831376E-1
2.280000E+2			3.089416E-6			5.821388E-7			2.119078E-1			8.208606E-1
2.290000E+2			7.151468E-6			3.275977E-6			-3.457511E-1			7.292746E-1
2.300000E+2			6.568362E-6			4.702313E-6			3.311109E-1			4.357340E-1
2.310000E+2			2.242394E-6			1.241341E-6			-1.213760E+0			9.300313E-1
2.320000E+2			6.346876E-6			2.802726E-6			7.287058E-1			8.347269E-1
2.330000E+2			1.411855E-6			1.045571E-6			5.167934E-1			7.858702E-1
2.340000E+2			1.977226E-6			1.499919E-6			8.410848E-1			6.747706E-1
2.350000E+2			1.352341E-6			7.591084E-7			-1.259627E+0			5.809359E-1
2.360000E+2			9.050461E-6			4.475849E-6			-3.160942E-1			7.189152E-1
2.370000E+2			3.194998E-6			1.697729E-6			-4.836696E-1			9.301397E-1
