9.000000E+1			1.589897E-5			2.404747E-6			-3.610595E-3			6.814024E-1
9.100000E+1			3.916687E-6			1.078866E-6			6.015488E-1			5.163657E-1
9.200000E+1			3.078038E-6			6.942084E-7			3.549680E-1			1.544240E-1
9.300000E+1			2.118862E-6			3.167754E-7			4.464778E-1			5.514451E-1
9.400000E+1			1.763282E-6			2.353554E-7			-4.900161E-1			4.613678E-1
9.500000E+1			7.998849E-6			5.936546E-7			6.115783E-1			2.870941E-1
9.600000E+1			2.767501E-6			4.874457E-7			-4.910914E-2			3.493021E-1
9.700000E+1			1.893229E-6			3.192571E-7			-5.393224E-1			4.208044E-1
9.800000E+1			2.141494E-6			4.468114E-7			-1.194356E-2			4.262636E-1
9.900000E+1			3.687585E-6			4.850661E-7			3.525967E-1			5.111302E-1
1.000000E+2			1.475659E-5			1.534772E-6			-4.007074E-1			8.084802E-1
1.010000E+2			5.476816E-6			1.672152E-6			-3.536141E-1			4.877522E-1
1.020000E+2			6.069554E-6			8.908740E-7			7.029158E-2			5.211346E-1
1.030000E+2			5.199193E-6			1.183226E-6			6.048610E-1			5.179495E-1
1.040000E+2			2.913199E-6			3.299391E-7			-1.919961E-1			3.551359E-1
1.050000E+2			5.458073E-6			7.041575E-7			2.065473E-1			6.307825E-1
1.060000E+2			2.757291E-6			5.331116E-7			-4.429862E-2			5.347884E-1
1.070000E+2			2.277847E-6			3.951648E-7			-1.147771E+0			4.785910E-1
1.080000E+2			2.999650E-6			6.784034E-7			-1.926689E-1			5.919413E-1
1.090000E+2			3.725943E-6			3.649778E-7			-2.839370E-1			3.488080E-1
1.100000E+2			1.019825E-5			7.935546E-7			-2.041244E+0			5.812011E-1
1.110000E+2			4.643536E-6			9.914299E-7			1.040012E+0			4.885278E-1
1.120000E+2			3.750136E-6			5.913650E-7			6.424678E-2			2.763339E-1
1.130000E+2			3.407372E-6			4.904891E-7			-6.760596E-1			3.288474E-1
1.140000E+2			3.430105E-6			6.565683E-7			-2.076916E-1			3.890661E-1
1.150000E+2			1.711278E-5			1.550772E-6			-1.586248E-1			5.954438E-1
1.160000E+2			8.245672E-6			1.417243E-6			1.003860E-1			4.729423E-1
1.170000E+2			4.447997E-6			6.625599E-7			-1.262926E+0			5.389972E-1
1.180000E+2			6.446162E-6			8.972007E-7			-4.307003E-2			5.960846E-1
1.190000E+2			7.742268E-6			1.222539E-6			-1.496003E+0			2.271071E-1
1.200000E+2			3.157293E-5			2.837330E-6			2.053616E+0			1.921138E-1
1.210000E+2			2.110793E-5			8.089386E-7			-1.178327E+0			2.310920E-1
1.220000E+2			2.589993E-5			1.106208E-6			-9.095066E-1			5.123267E-1
1.230000E+2			5.431282E-5			2.812292E-6			8.219910E-1			1.719258E-1
1.240000E+2			1.783104E-4			1.298794E-5			-3.849231E-1			5.638585E-1
1.250000E+2			7.417829E-4			6.250002E-5			2.138939E+0			3.979383E-1
1.260000E+2			2.463634E-4			5.745021E-5			1.894702E-1			6.822653E-1
1.270000E+2			6.738790E-5			1.227929E-5			4.853509E-1			2.752980E-1
1.280000E+2			2.605398E-5			3.581480E-6			1.151966E+0			4.831984E-1
1.290000E+2			1.473993E-5			1.543990E-6			-1.786385E+0			1.495941E-1
1.300000E+2			3.194652E-5			2.389074E-6			1.355292E+0			7.165735E-1
1.310000E+2			1.022654E-5			2.105889E-6			1.592815E-1			3.525560E-1
1.320000E+2			5.899034E-6			7.479660E-7			-9.741445E-1			3.319742E-1
1.330000E+2			2.886666E-6			3.772101E-7			-8.773990E-1			2.787360E-1
1.340000E+2			5.523721E-6			6.254084E-7			3.764696E-1			5.105268E-1
1.350000E+2			2.309079E-5			1.834632E-6			-5.972171E-1			2.463276E-1
1.360000E+2			6.311852E-6			1.887686E-6			-3.678383E-2			3.274765E-1
1.370000E+2			3.872698E-6			5.256839E-7			-6.376526E-1			1.511356E-1
1.380000E+2			3.864188E-6			6.052979E-7			1.521812E-1			3.227817E-1
1.390000E+2			4.026415E-6			5.471545E-7			-3.897705E-2			2.971948E-1
1.400000E+2			1.450275E-5			1.103591E-6			-6.433957E-1			1.304639E-1
1.410000E+2			4.986828E-6			1.348989E-6			-1.637688E-1			2.340869E-1
1.420000E+2			4.219788E-6			4.307811E-7			-3.889839E-1			1.240290E-1
1.430000E+2			4.177564E-6			4.035779E-7			-2.053260E-1			1.208935E-1
1.440000E+2			4.988643E-6			4.693378E-7			-2.309848E-1			9.520865E-2
1.450000E+2			5.104556E-6			9.357274E-7			1.660760E+0			2.953946E-1
1.460000E+2			5.240139E-6			6.581822E-7			-1.813214E-2			2.309507E-1
1.470000E+2			5.241381E-6			1.047030E-6			1.679449E-1			3.252014E-1
1.480000E+2			2.083820E-5			1.790736E-6			-3.154516E-1			5.747886E-1
1.490000E+2			1.100033E-5			1.674811E-6			-5.475664E-1			4.347435E-1
1.500000E+2			2.407384E-5			2.564299E-6			-2.560566E-1			5.794500E-1
