3.700000E+1			5.668292E-6			3.869381E-6			4.653083E-1			8.758503E-1
3.800000E+1			6.289444E-7			8.776635E-8			-1.824401E+0			5.060635E-2
3.900000E+1			1.406272E-7			3.402588E-8			-1.527553E+0			1.744896E-1
4.000000E+1			6.166667E-8			9.556847E-9			-7.853982E-1			5.877382E-1
4.100000E+1			5.857443E-8			1.898864E-8			-9.006992E-2			2.430702E-1
4.200000E+1			4.797774E-8			1.426719E-8			-1.906948E-1			1.452418E-1
4.300000E+1			5.382843E-8			2.201363E-8			-1.014298E+0			5.451713E-1
4.400000E+1			4.178511E-8			1.081485E-8			-3.926991E-1			2.938691E-1
4.500000E+1			5.262215E-8			1.163694E-8			-7.853982E-1			6.070619E-1
4.600000E+1			1.465354E-5			2.795018E-6			-7.177141E-1			2.544325E-1
4.700000E+1			4.029772E-6			1.769296E-6			-2.101674E+0			4.823167E-1
4.800000E+1			8.284846E-6			1.256595E-6			-7.670726E-1			3.329984E-1
4.900000E+1			1.486847E-5			2.081953E-6			-3.190607E-1			9.725971E-1
5.000000E+1			6.803146E-5			1.200020E-5			5.266061E-1			4.245822E-1
5.100000E+1			2.300393E-5			1.089935E-5			-6.723669E-1			6.918913E-1
5.200000E+1			4.638933E-6			1.245677E-6			-2.478550E+0			8.027132E-2
5.300000E+1			2.266210E-6			3.789440E-7			-2.940547E-1			8.695207E-1
5.400000E+1			1.172593E-6			6.816245E-8			-5.099068E-1			2.364375E-1
5.500000E+1			1.272082E-6			1.889285E-7			-8.854000E-2			9.644440E-1
5.600000E+1			9.266298E-7			2.571726E-7			1.376548E-1			2.751713E-1
5.700000E+1			9.748136E-7			1.146004E-7			-8.235246E-1			1.049060E+0
5.800000E+1			7.979424E-7			8.940412E-8			3.808996E-1			1.024831E+0
5.900000E+1			8.069949E-7			1.850033E-7			1.577669E+0			4.252284E-1
6.000000E+1			1.260549E-6			2.824603E-7			1.574760E+0			2.793658E-1
6.100000E+1			9.195847E-7			2.414278E-7			2.186744E+0			3.317942E-1
6.200000E+1			9.118768E-7			1.253130E-7			5.986476E-1			6.071590E-1
6.300000E+1			7.508515E-7			7.468133E-8			2.449839E+0			4.480916E-1
6.400000E+1			1.032183E-6			1.163419E-7			1.158388E+0			8.042967E-1
6.500000E+1			5.646676E-7			1.225729E-7			6.435389E-1			9.247694E-1
6.600000E+1			1.007719E-6			2.298268E-7			1.400699E+0			5.607679E-1
6.700000E+1			1.207782E-6			3.061223E-7			4.562967E-1			1.863381E-1
6.800000E+1			2.356370E-6			1.835997E-7			4.960014E-1			7.331066E-1
6.900000E+1			1.973865E-6			1.545513E-7			-1.693364E+0			1.056732E+0
7.000000E+1			2.679310E-6			2.390142E-7			8.352647E-1			9.650871E-1
7.100000E+1			6.101648E-6			6.570767E-7			8.526398E-1			1.353162E+0
7.200000E+1			9.469735E-6			2.020557E-6			-1.003310E+0			8.694982E-1
7.300000E+1			2.105824E-5			2.371340E-6			1.739087E+0			1.055980E+0
7.400000E+1			6.301728E-5			9.272423E-6			5.272396E-1			9.901471E-1
7.500000E+1			1.560215E-4			1.957022E-5			1.676050E+0			6.753471E-1
7.600000E+1			9.121819E-5			1.106578E-5			3.938762E-1			7.182106E-1
7.700000E+1			3.247056E-5			1.008076E-5			-1.536142E+0			1.022831E+0
7.800000E+1			1.331482E-5			2.354117E-6			-2.981531E-1			9.370748E-1
7.900000E+1			7.198046E-6			8.328642E-7			-1.476204E+0			9.905460E-1
8.000000E+1			6.640728E-6			1.020196E-6			5.987613E-1			6.087556E-1
8.100000E+1			3.864262E-6			7.268342E-7			8.408828E-1			6.027577E-2
8.200000E+1			2.232170E-6			3.399829E-7			5.843909E-1			9.586024E-1
8.300000E+1			1.184888E-6			1.863264E-7			-5.653544E-1			3.105282E-1
8.400000E+1			1.801394E-6			2.801633E-7			-8.908895E-1			9.351118E-1
8.500000E+1			1.368519E-6			1.521482E-7			6.912272E-1			1.261013E-1
8.600000E+1			7.717220E-7			1.252471E-7			-4.474414E-1			8.314919E-1
8.700000E+1			8.110301E-7			2.026900E-7			9.033384E-1			2.085875E-1
8.800000E+1			9.010290E-7			9.208261E-8			-3.460952E-1			8.158764E-1
8.900000E+1			9.473446E-7			2.910415E-7			1.611079E-1			9.898789E-1
9.000000E+1			6.806656E-7			1.009487E-7			9.995370E-1			7.143491E-1
9.100000E+1			6.637882E-7			8.743261E-8			1.022286E+0			8.118794E-1
9.200000E+1			8.049687E-7			1.209219E-7			1.924249E+0			2.870104E-1
9.300000E+1			7.992831E-7			6.852140E-8			1.774339E+0			3.270275E-1
9.400000E+1			5.408275E-7			1.721434E-7			-6.143582E-1			7.294579E-1
9.500000E+1			1.681095E-6			3.934217E-7			2.460089E-1			1.094662E+0
9.600000E+1			2.280744E-6			1.208557E-6			7.415691E-1			8.183438E-1
9.700000E+1			2.818953E-6			3.222812E-7			-4.714354E-1			9.315637E-1
9.800000E+1			4.960547E-6			5.900561E-7			-1.395519E+0			9.552447E-1
9.900000E+1			1.611896E-5			2.556999E-6			1.083762E+0			7.284905E-1
1.000000E+2			8.943789E-5			1.586092E-5			-2.294662E-1			6.152808E-1
1.010000E+2			3.590188E-5			1.636799E-5			-4.089416E-1			7.732393E-1
1.020000E+2			6.194515E-6			1.235825E-6			4.469808E-1			3.160744E-1
1.030000E+2			2.854189E-6			3.362569E-7			1.107003E+0			5.927854E-1
1.040000E+2			2.250088E-6			7.196310E-7			1.074197E+0			6.780031E-1
1.050000E+2			2.565257E-6			7.504006E-7			-3.961257E-2			8.975305E-1
1.060000E+2			1.436301E-6			6.778120E-7			6.838915E-1			6.063492E-1
1.070000E+2			7.517717E-7			1.361376E-7			6.561264E-1			8.282366E-1
1.080000E+2			5.821350E-7			9.444847E-8			1.684481E+0			1.042409E+0
1.090000E+2			7.711993E-7			8.032670E-8			2.432957E+0			2.003597E-1
1.100000E+2			8.356707E-7			1.389283E-7			8.936232E-1			3.520210E-1
1.110000E+2			4.867584E-7			9.875171E-8			-1.407631E+0			6.731059E-1
1.120000E+2			8.719181E-7			2.549551E-7			1.345498E+0			3.923363E-1
1.130000E+2			6.621564E-7			1.692446E-7			4.594020E-1			8.321700E-1
1.140000E+2			6.464717E-7			1.281009E-7			9.351392E-1			9.247441E-1
1.150000E+2			1.291366E-6			1.963300E-7			1.987683E+0			2.704734E-1
1.160000E+2			9.430546E-7			2.679320E-7			1.191120E+0			6.452506E-1
1.170000E+2			8.714324E-7			2.210551E-7			3.798724E-1			1.003481E-1
1.180000E+2			1.219036E-6			2.354825E-7			-5.456155E-1			9.497420E-1
1.190000E+2			2.363869E-6			3.163882E-7			2.576617E+0			1.241737E-1
1.200000E+2			6.036983E-6			2.414342E-6			-5.154079E-1			5.814112E-1
1.210000E+2			3.905777E-6			7.121081E-7			-8.368728E-2			6.765008E-1
1.220000E+2			5.724906E-6			3.612589E-7			1.945437E-1			9.982459E-1
1.230000E+2			1.254903E-5			1.449034E-6			-5.232677E-1			1.672301E-1
1.240000E+2			4.055824E-5			6.020229E-6			5.603673E-1			7.781041E-1
1.250000E+2			1.421070E-4			2.340781E-5			-2.266987E+0			3.104697E-1
1.260000E+2			6.818752E-5			2.495350E-5			1.572877E-1			9.292479E-1
1.270000E+2			1.865379E-5			5.437159E-6			-9.480141E-1			1.373325E+0
1.280000E+2			7.855778E-6			1.307328E-6			-7.369242E-1			7.773244E-1
1.290000E+2			3.132420E-6			3.572262E-7			-5.917269E-1			1.341304E-1
1.300000E+2			1.986731E-6			6.344761E-7			9.595753E-1			8.180732E-1
1.310000E+2			1.937430E-6			6.826180E-7			-2.417851E+0			1.658522E-1
1.320000E+2			1.340667E-6			4.739611E-7			-1.727237E-1			1.050706E+0
1.330000E+2			1.505674E-6			1.870052E-7			2.791814E+0			1.465955E-1
1.340000E+2			1.243924E-6			1.298344E-7			1.662127E+0			1.404348E-1
1.350000E+2			1.172106E-6			9.112679E-8			1.326424E+0			1.511708E-1
1.360000E+2			1.077287E-6			1.882143E-7			1.872416E+0			2.613217E-1
1.370000E+2			1.635434E-6			1.927423E-7			2.569333E+0			1.094421E-1
1.380000E+2			1.697819E-6			2.460535E-7			2.161699E+0			9.262886E-2
1.390000E+2			1.916426E-6			2.497651E-7			2.554458E+0			9.347932E-2
1.400000E+2			1.835985E-6			8.876135E-8			2.460248E+0			1.361018E-1
1.410000E+2			1.735905E-6			2.839012E-7			2.695021E+0			9.565788E-2
1.420000E+2			1.530876E-6			2.213597E-7			1.888943E+0			9.277387E-1
1.430000E+2			2.037360E-6			1.762813E-7			9.055067E-1			1.372614E+0
1.440000E+2			1.811063E-6			1.723732E-7			-1.159993E-2			1.398718E+0
1.450000E+2			3.157742E-6			5.627327E-7			-1.794240E+0			9.978071E-1
1.460000E+2			2.026963E-6			3.668905E-7			-1.619440E+0			1.944263E-1
1.470000E+2			3.634178E-6			5.597324E-7			-6.316474E-1			1.159917E+0
1.480000E+2			5.450693E-6			1.122573E-6			-1.513357E+0			2.889215E-1
1.490000E+2			1.567829E-5			2.624937E-6			2.892243E-1			9.984426E-1
1.500000E+2			8.599691E-5			1.520231E-5			6.834787E-1			3.760674E-1
1.510000E+2			3.216294E-5			1.568847E-5			9.023447E-1			7.100849E-1
1.520000E+2			6.393915E-6			1.828841E-6			8.952492E-1			2.013415E-1
1.530000E+2			2.920914E-6			6.479464E-7			-1.278640E+0			7.059441E-1
1.540000E+2			1.054360E-6			2.485120E-7			4.970045E-1			3.210027E-1
1.550000E+2			1.982586E-6			4.307814E-7			-1.832186E+0			4.638949E-1
1.560000E+2			8.517658E-7			9.465098E-8			-3.285989E-1			6.485922E-1
1.570000E+2			7.221985E-7			1.974919E-7			-1.610720E+0			4.840141E-1
1.580000E+2			2.829901E-7			6.606043E-8			-1.700653E+0			4.516507E-1
1.590000E+2			7.925926E-7			8.824548E-8			-1.947886E+0			2.399718E-1
1.600000E+2			8.719581E-7			1.618931E-7			-1.943669E+0			3.941198E-1
1.610000E+2			6.365259E-7			5.657154E-8			1.174209E-1			1.059671E+0
1.620000E+2			8.615049E-7			1.749921E-7			-1.597358E+0			6.886808E-1
1.630000E+2			5.951209E-7			1.802206E-7			-2.403983E+0			2.129605E-1
1.640000E+2			7.126834E-7			9.919569E-8			-1.957606E+0			3.788260E-1
1.650000E+2			5.546729E-7			1.008420E-7			3.949188E-1			1.215094E+0
1.660000E+2			9.727970E-7			4.657208E-7			-6.678546E-1			8.339728E-1
1.670000E+2			9.711516E-7			1.417867E-7			-1.057247E+0			1.647749E-1
1.680000E+2			7.025524E-7			1.901810E-7			7.557773E-2			1.036568E+0
1.690000E+2			1.158306E-6			6.611140E-8			-8.454937E-1			1.352274E+0
1.700000E+2			3.019237E-6			8.144282E-7			6.295153E-1			9.387802E-1
1.710000E+2			2.538409E-6			3.286322E-7			-1.405277E+0			8.840744E-1
1.720000E+2			6.156284E-6			6.304760E-7			9.856669E-1			7.583901E-1
1.730000E+2			7.015599E-6			1.349487E-6			8.896608E-1			1.947927E-1
1.740000E+2			2.460890E-5			3.427176E-6			-2.310991E-3			7.120169E-1
1.750000E+2			1.266923E-4			2.268430E-5			5.979576E-1			5.935764E-1
1.760000E+2			5.427753E-5			2.241989E-5			-3.563984E-1			7.389019E-1
1.770000E+2			1.239240E-5			3.698644E-6			-4.331812E-1			4.586804E-1
1.780000E+2			4.925589E-6			6.771158E-7			-7.740948E-1			6.860052E-1
1.790000E+2			3.035433E-6			4.405665E-7			-2.265525E+0			1.672682E-1
1.800000E+2			3.607527E-6			9.780794E-7			1.056007E-1			4.733172E-1
1.810000E+2			8.114842E-7			2.248342E-7			8.098604E-2			6.823074E-1
1.820000E+2			9.909958E-7			3.047467E-7			1.413014E+0			6.905333E-1
1.830000E+2			5.866299E-7			6.605814E-8			-5.817826E-1			1.898895E-1
1.840000E+2			1.715330E-6			6.325398E-7			7.059777E-1			9.627506E-1
1.850000E+2			9.163794E-7			2.614646E-7			-4.815906E-1			6.289303E-1
1.860000E+2			4.667810E-7			1.150813E-7			3.183056E-1			7.286791E-1
1.870000E+2			4.554398E-7			8.088203E-8			1.280850E-2			1.031482E+0
1.880000E+2			4.727358E-7			8.124652E-8			-8.837326E-1			7.288105E-1
1.890000E+2			4.141341E-7			1.336500E-7			-8.537315E-1			1.107304E+0
1.900000E+2			3.649277E-7			7.562186E-8			2.211669E-1			1.122304E+0
1.910000E+2			7.761625E-7			3.040218E-7			7.329061E-1			8.675296E-1
1.920000E+2			4.705763E-7			6.385856E-8			-2.925392E-1			8.148506E-1
1.930000E+2			4.533443E-7			6.012452E-8			-9.384039E-1			8.418892E-1
1.940000E+2			6.750052E-7			1.833257E-7			3.355870E-1			9.368453E-1
1.950000E+2			1.259555E-6			3.250366E-7			-1.069949E-2			9.463168E-1
1.960000E+2			1.713773E-6			1.619616E-7			1.978519E-1			6.411375E-1
1.970000E+2			1.776259E-6			1.428590E-7			-1.874018E-2			9.799735E-1
1.980000E+2			3.593396E-6			4.119236E-7			4.033014E-1			8.264622E-1
1.990000E+2			1.205106E-5			1.557699E-6			4.464937E-1			7.883588E-1
2.000000E+2			7.440233E-5			1.348481E-5			5.561700E-1			1.046255E+0
2.010000E+2			3.024937E-5			1.291634E-5			3.810446E-2			8.337860E-1
2.020000E+2			7.275359E-6			1.984252E-6			-6.271785E-1			6.723908E-1
2.030000E+2			2.935134E-6			6.565469E-7			-3.587043E-1			9.157711E-1
2.040000E+2			1.248169E-6			2.291503E-7			-1.101155E-1			5.352971E-1
2.050000E+2			2.263572E-6			3.630455E-7			-1.162892E+0			5.159538E-1
2.060000E+2			1.183089E-6			5.410251E-7			-1.564727E+0			5.725632E-1
2.070000E+2			5.719628E-7			1.734649E-7			8.469444E-1			8.741826E-1
2.080000E+2			5.951640E-7			2.174101E-7			7.661146E-1			1.268313E+0
2.090000E+2			4.743508E-7			1.191214E-7			-2.799302E-1			6.852145E-1
2.100000E+2			4.913817E-7			1.737774E-7			-9.499040E-1			4.833567E-1
2.110000E+2			3.736003E-7			8.889029E-8			-2.773404E-1			7.659242E-1
2.120000E+2			4.619720E-7			5.161053E-8			2.321815E-1			1.252908E+0
2.130000E+2			3.901345E-7			1.048943E-7			-8.547215E-1			3.051650E-1
2.140000E+2			5.609931E-7			2.536155E-7			-7.525164E-1			5.852526E-1
2.150000E+2			3.762962E-6			2.484398E-6			-2.083345E+0			2.685704E-1
2.160000E+2			9.790260E-7			1.679463E-7			-1.999404E+0			3.236514E-1
2.170000E+2			1.147082E-6			1.856686E-7			1.438791E-1			1.231482E+0
2.180000E+2			5.100350E-7			1.017027E-7			3.555692E-2			1.107754E+0
2.190000E+2			1.495443E-6			6.094392E-7			5.252677E-1			4.273834E-1
2.200000E+2			3.511878E-6			7.160243E-7			-3.360958E-1			1.035109E+0
2.210000E+2			8.050086E-6			4.249202E-6			-8.667739E-1			5.624135E-1
2.220000E+2			6.121861E-6			2.155585E-6			4.295025E-1			8.739801E-1
2.230000E+2			8.514994E-6			2.987427E-6			-1.000289E+0			4.910936E-1
2.240000E+2			2.231423E-5			4.825698E-6			-3.042542E-1			8.436570E-1
2.250000E+2			9.499695E-5			2.064749E-5			1.292408E+0			4.119132E-1
2.260000E+2			3.765272E-5			1.843415E-5			-7.336951E-1			9.792560E-1
2.270000E+2			1.183334E-5			3.446227E-6			-3.349685E-1			6.839497E-1
2.280000E+2			6.202845E-6			1.793495E-6			-2.268854E-1			9.361603E-1
2.290000E+2			1.172992E-5			5.588838E-6			-1.307059E+0			8.637204E-1
2.300000E+2			3.878461E-6			1.759830E-6			-1.759053E-1			6.361934E-1
2.310000E+2			1.295888E-6			3.200838E-7			-3.658602E-1			9.722377E-1
2.320000E+2			8.169759E-7			1.978386E-7			-6.072772E-2			1.012720E+0
2.330000E+2			5.441717E-7			8.938975E-8			-4.881943E-1			5.122991E-1
2.340000E+2			5.620964E-7			1.763163E-7			6.357735E-1			9.287094E-1
2.350000E+2			4.343802E-7			9.348431E-8			-6.797654E-1			7.606801E-1
2.360000E+2			5.645134E-7			1.851430E-7			2.489448E-1			4.846804E-1
2.370000E+2			4.626604E-7			1.303184E-7			9.472665E-1			5.158777E-1
