1.100000E+2			2.352871E-5			1.435919E-5			5.780797E-1			4.613021E-1
1.110000E+2			4.361368E-6			5.478886E-7			-5.811972E-1			1.502515E-1
1.120000E+2			3.130012E-6			8.383361E-7			-1.523040E-1			3.765440E-1
1.130000E+2			4.499994E-6			5.114991E-7			-2.452856E-1			1.484458E-1
1.140000E+2			4.811839E-6			7.289599E-7			6.901597E-1			3.787599E-1
1.150000E+2			5.423128E-6			8.587290E-7			-8.343381E-1			9.286742E-2
1.160000E+2			7.076940E-6			1.165477E-6			6.280854E-1			4.598152E-1
1.170000E+2			8.053343E-6			1.007821E-6			1.276163E+0			1.511377E-1
1.180000E+2			1.272091E-5			1.060529E-6			5.174609E-1			5.419787E-1
1.190000E+2			1.157727E-5			1.128242E-6			1.083664E+0			2.178524E-1
1.200000E+2			1.801974E-5			6.942634E-7			2.960747E-1			5.554305E-1
1.210000E+2			3.301923E-5			9.614416E-7			-7.692496E-1			3.346678E-2
1.220000E+2			4.689255E-5			2.177265E-6			-2.635638E-1			6.138033E-1
1.230000E+2			1.006544E-4			5.293181E-6			-2.530299E-1			7.242478E-1
1.240000E+2			2.698967E-4			1.934173E-5			-7.414879E-2			5.789073E-1
1.250000E+2			3.416481E-4			1.137331E-5			2.380327E-1			8.051036E-1
1.260000E+2			2.835614E-4			9.355152E-6			-3.096019E-1			6.598516E-1
1.270000E+2			1.196847E-4			1.881338E-5			8.472467E-1			2.707635E-2
1.280000E+2			4.723133E-5			5.759893E-6			7.731678E-1			6.067599E-1
1.290000E+2			2.390417E-5			1.909306E-6			1.578722E+0			5.569719E-2
1.300000E+2			1.669790E-5			1.229300E-6			-6.995755E-1			4.836547E-1
1.310000E+2			6.617743E-6			7.822900E-7			5.721937E-1			7.088028E-1
1.320000E+2			8.150342E-6			9.208886E-7			1.348851E-2			4.454864E-1
1.330000E+2			4.918795E-6			6.107170E-7			-1.317354E+0			4.382068E-1
1.340000E+2			5.780830E-6			5.874696E-7			-5.286911E-2			2.804530E-1
1.350000E+2			6.037891E-6			5.533989E-7			4.326435E-1			6.796468E-2
1.360000E+2			5.107811E-6			7.612186E-7			-4.028002E-1			2.298780E-1
1.370000E+2			6.362404E-6			3.753398E-7			-3.110636E-2			9.910187E-2
1.380000E+2			3.647804E-6			4.254859E-7			-2.650751E-1			1.522308E-1
1.390000E+2			5.697878E-6			3.687288E-7			1.244269E-1			1.025981E-1
1.400000E+2			4.549275E-6			2.650950E-7			-2.578777E-1			7.974831E-2
