2.600000E+3			9.629082E-8			5.074188E-8			1.270244E-1			6.697451E-1
2.602000E+3			7.065591E-8			1.009249E-8			-1.100823E+0			1.720777E-1
2.604000E+3			4.166667E-8			1.683251E-8			-7.853982E-1			3.847649E-1
2.606000E+3			6.720413E-8			1.077336E-8			-8.626728E-1			2.770015E-1
2.608000E+3			7.755946E-8			7.502470E-9			-8.390233E-1			5.874335E-2
2.610000E+3			4.023689E-8			1.454091E-8			-5.235988E-1			2.867869E-1
2.612000E+3			7.553746E-8			1.142725E-8			-9.699229E-1			2.645583E-1
2.614000E+3			7.214045E-8			7.140115E-9			-7.853982E-1			2.221441E-1
2.616000E+3			5.202201E-8			1.226746E-8			-3.926991E-1			1.923825E-1
2.618000E+3			7.071068E-8			0.000000E+0			-7.853982E-1			0.000000E+0
2.620000E+3			6.725890E-8			3.781235E-9			-6.544985E-1			1.433934E-1
2.622000E+3			9.857023E-8			4.436371E-8			2.617994E-1			6.539747E-1
2.624000E+3			6.868867E-8			8.224835E-9			-9.162979E-1			2.644044E-1
2.626000E+3			2.107524E-7			4.049719E-8			-1.107957E-1			3.869198E-1
2.628000E+3			8.948974E-8			5.077382E-8			-4.463242E-1			7.687739E-1
2.630000E+3			7.755946E-8			7.502470E-9			-7.317731E-1			5.874335E-2
2.632000E+3			6.380712E-8			4.782926E-9			-1.047198E+0			1.813799E-1
2.634000E+3			7.214045E-8			7.140115E-9			-7.853982E-1			2.221441E-1
2.636000E+3			6.720413E-8			1.077336E-8			-9.699229E-1			2.645583E-1
2.638000E+3			7.214045E-8			7.140115E-9			-1.047198E+0			1.813799E-1
2.640000E+3			7.755946E-8			7.502470E-9			-8.390233E-1			5.874335E-2
2.642000E+3			7.065591E-8			1.009249E-8			-9.935725E-1			2.075769E-1
2.644000E+3			6.577435E-8			1.617703E-8			-7.081236E-1			1.654745E-1
2.646000E+3			5.202201E-8			1.226746E-8			-3.926991E-1			1.923825E-1
2.648000E+3			3.678511E-8			1.323803E-8			-6.544985E-1			3.453371E-1
2.650000E+3			6.380712E-8			4.782926E-9			-7.853982E-1			2.221441E-1
2.652000E+3			5.690356E-8			4.782926E-9			-1.308997E+0			1.813799E-1
2.654000E+3			7.065591E-8			1.009249E-8			-8.390233E-1			2.297799E-1
2.656000E+3			6.725890E-8			3.781235E-9			-9.162979E-1			1.433934E-1
2.658000E+3			4.368867E-8			1.555352E-8			-3.926991E-1			1.923825E-1
2.660000E+3			6.035534E-8			5.073059E-9			-6.544985E-1			2.644044E-1
2.662000E+3			6.035534E-8			5.073059E-9			-9.162979E-1			2.644044E-1
2.664000E+3			8.095647E-8			1.127173E-8			-9.162979E-1			1.698339E-1
2.666000E+3			7.410769E-8			9.051643E-9			-9.699229E-1			1.436770E-1
2.668000E+3			5.547379E-8			1.270583E-8			-5.235988E-1			1.813799E-1
2.670000E+3			4.857023E-8			1.156823E-8			-7.853982E-1			3.141593E-1
2.672000E+3			6.725890E-8			3.781235E-9			-9.162979E-1			1.433934E-1
2.674000E+3			6.523689E-8			8.865409E-9			-1.308997E+0			1.813799E-1
2.676000E+3			1.034518E-7			4.616768E-8			-1.308997E-1			7.827758E-1
2.678000E+3			6.720413E-8			1.077336E-8			-1.231722E+0			1.742231E-1
2.680000E+3			4.511845E-8			1.055643E-8			-1.308997E-1			1.433934E-1
2.682000E+3			5.345178E-8			3.781235E-9			-1.439897E+0			1.433934E-1
2.684000E+3			3.190356E-8			1.599122E-8			-5.235988E-1			2.867869E-1
2.686000E+3			6.035534E-8			5.073059E-9			-6.544985E-1			2.644044E-1
2.688000E+3			6.380712E-8			4.782926E-9			-7.853982E-1			2.221441E-1
2.690000E+3			6.035534E-8			5.073059E-9			-6.544985E-1			2.644044E-1
2.692000E+3			6.035534E-8			5.073059E-9			-9.162979E-1			2.644044E-1
2.694000E+3			5.202201E-8			1.226746E-8			-6.544985E-1			2.644044E-1
2.696000E+3			5.690356E-8			4.782926E-9			-7.853982E-1			3.141593E-1
2.698000E+3			6.035534E-8			5.073059E-9			-6.544985E-1			2.644044E-1
2.700000E+3			7.553746E-8			1.142725E-8			-1.231722E+0			1.742231E-1
2.702000E+3			7.755946E-8			7.502470E-9			-7.317731E-1			5.874335E-2
2.704000E+3			7.071068E-8			0.000000E+0			-7.853982E-1			0.000000E+0
2.706000E+3			6.035534E-8			5.073059E-9			-9.162979E-1			2.644044E-1
2.708000E+3			6.380712E-8			4.782926E-9			-7.853982E-1			2.221441E-1
2.710000E+3			5.202201E-8			1.226746E-8			-3.926991E-1			1.923825E-1
2.712000E+3			5.690356E-8			4.782926E-9			-1.047198E+0			2.867869E-1
2.714000E+3			6.725890E-8			3.781235E-9			-9.162979E-1			1.433934E-1
2.716000E+3			5.202201E-8			1.226746E-8			-6.544985E-1			2.644044E-1
2.718000E+3			3.678511E-8			1.323803E-8			-3.926991E-1			2.938691E-1
2.720000E+3			6.523689E-8			8.865409E-9			-5.235988E-1			2.867869E-1
2.722000E+3			5.202201E-8			1.226746E-8			-6.544985E-1			2.644044E-1
2.724000E+3			6.375235E-8			1.116034E-8			-5.772239E-1			3.040332E-1
2.726000E+3			5.202201E-8			1.226746E-8			-9.162979E-1			2.644044E-1
2.728000E+3			6.523689E-8			8.865409E-9			-7.853982E-1			3.141593E-1
2.730000E+3			7.065591E-8			1.009249E-8			-4.699737E-1			1.720777E-1
2.732000E+3			7.898924E-8			1.012759E-8			-4.699737E-1			1.720777E-1
2.734000E+3			4.857023E-8			1.156823E-8			-2.617994E-1			1.813799E-1
2.736000E+3			6.380712E-8			4.782926E-9			-5.235988E-1			1.813799E-1
2.738000E+3			4.023689E-8			1.454091E-8			-2.617994E-1			1.813799E-1
2.740000E+3			5.202201E-8			1.226746E-8			-3.926991E-1			1.923825E-1
2.742000E+3			7.410769E-8			9.051643E-9			-7.081236E-1			1.654745E-1
2.744000E+3			8.934458E-8			1.357244E-8			-8.390233E-1			5.874335E-2
2.746000E+3			6.380712E-8			4.782926E-9			-1.047198E+0			1.813799E-1
2.748000E+3			6.380712E-8			4.782926E-9			-5.235988E-1			1.813799E-1
2.750000E+3			6.380712E-8			4.782926E-9			-7.853982E-1			2.221441E-1
2.752000E+3			8.440825E-8			9.489957E-9			-6.781480E-1			7.430511E-2
2.754000E+3			5.892557E-8			1.290994E-8			-6.544985E-1			1.433934E-1
2.756000E+3			5.690356E-8			4.782926E-9			-2.617994E-1			1.813799E-1
2.758000E+3			6.035534E-8			5.073059E-9			-6.544985E-1			2.644044E-1
2.760000E+3			7.065591E-8			1.009249E-8			-1.100823E+0			1.720777E-1
2.762000E+3			7.065591E-8			1.009249E-8			-4.699737E-1			1.720777E-1
2.764000E+3			5.202201E-8			1.226746E-8			-3.926991E-1			1.923825E-1
2.766000E+3			7.065591E-8			1.009249E-8			-4.699737E-1			1.720777E-1
2.768000E+3			6.725890E-8			3.781235E-9			-6.544985E-1			1.433934E-1
2.770000E+3			6.380712E-8			4.782926E-9			-7.853982E-1			2.221441E-1
2.772000E+3			7.214045E-8			7.140115E-9			-5.235988E-1			1.813799E-1
2.774000E+3			6.725890E-8			3.781235E-9			-6.544985E-1			1.433934E-1
2.776000E+3			1.338708E-7			4.357599E-8			3.154245E-1			7.091366E-1
2.778000E+3			8.552005E-8			2.108832E-8			-9.491971E-1			1.406890E-1
2.780000E+3			8.190356E-8			9.488607E-9			-2.617994E-1			1.813799E-1
2.782000E+3			8.726780E-8			1.312400E-8			-1.545492E-1			1.070748E-1
2.784000E+3			7.553746E-8			1.142725E-8			-3.390740E-1			1.742231E-1
2.786000E+3			7.410769E-8			9.051643E-9			-6.008734E-1			1.436770E-1
2.788000E+3			6.523689E-8			8.865409E-9			-2.617994E-1			1.813799E-1
2.790000E+3			5.690356E-8			4.782926E-9			-2.617994E-1			1.813799E-1
2.792000E+3			7.696723E-8			1.335106E-8			-7.727460E-2			8.465008E-2
2.794000E+3			8.190356E-8			9.488607E-9			-2.617994E-1			1.813799E-1
2.796000E+3			8.333333E-8			1.154701E-8			0.000000E+0			0.000000E+0
2.798000E+3			6.666667E-8			1.154701E-8			0.000000E+0			0.000000E+0
2.800000E+3			7.500000E-8			1.224745E-8			0.000000E+0			0.000000E+0
2.802000E+3			8.333333E-8			1.154701E-8			0.000000E+0			0.000000E+0
2.804000E+3			8.095647E-8			1.127173E-8			5.472483E-1			1.390834E-1
2.806000E+3			5.690356E-8			4.782926E-9			2.617994E-1			1.813799E-1
2.808000E+3			2.011845E-8			1.424288E-8			3.926991E-1			2.938691E-1
2.810000E+3			3.333333E-8			1.825742E-8			7.853982E-1			3.847649E-1
2.812000E+3			6.666667E-8			5.228129E-8			1.047198E+0			5.735737E-1
2.814000E+3			5.000000E-8			5.477226E-8			5.235988E-1			5.735737E-1
2.816000E+3			5.833333E-8			5.369668E-8			2.617994E-1			6.906742E-1
2.818000E+3			9.166667E-8			6.390097E-8			1.047198E+0			7.255197E-1
2.820000E+3			0.000000E+0			0.000000E+0			0.000000E+0			0.000000E+0
2.822000E+3			2.500000E-8			1.224745E-8			-7.853982E-1			3.847649E-1
2.824000E+3			3.333333E-8			1.154701E-8			-1.047198E+0			3.627599E-1
2.826000E+3			2.944515E-7			6.776128E-8			-7.463289E-1			9.410990E-1
2.828000E+3			8.923503E-8			5.467089E-8			-6.008734E-1			7.713547E-1
2.830000E+3			4.166667E-8			9.128709E-9			-1.308997E+0			2.867869E-1
2.832000E+3			4.511845E-8			1.055643E-8			-1.178097E+0			2.938691E-1
2.834000E+3			5.690356E-8			4.782926E-9			-1.047198E+0			2.867869E-1
2.836000E+3			3.678511E-8			1.323803E-8			-9.162979E-1			3.453371E-1
2.838000E+3			3.333333E-8			1.154701E-8			-1.047198E+0			3.627599E-1
2.840000E+3			4.166667E-8			9.128709E-9			-1.308997E+0			2.867869E-1
2.842000E+3			4.857023E-8			1.156823E-8			-1.047198E+0			2.867869E-1
2.844000E+3			3.333333E-8			1.154701E-8			-1.047198E+0			3.627599E-1
2.846000E+3			2.500000E-8			1.870829E-8			-2.617994E-1			2.867869E-1
2.848000E+3			5.196723E-8			1.587002E-8			-9.699229E-1			3.454550E-1
2.850000E+3			2.845178E-8			1.434291E-8			-3.926991E-1			2.938691E-1
2.852000E+3			5.000000E-8			0.000000E+0			-1.570796E+0			0.000000E+0
2.854000E+3			5.345178E-8			3.781235E-9			-1.439897E+0			1.433934E-1
2.856000E+3			5.345178E-8			1.463891E-8			-1.178097E+0			2.938691E-1
2.858000E+3			4.166667E-8			9.128709E-9			-1.047198E+0			3.627599E-1
2.860000E+3			4.857023E-8			1.156823E-8			-7.853982E-1			3.141593E-1
2.862000E+3			6.035534E-8			5.073059E-9			-9.162979E-1			2.644044E-1
2.864000E+3			3.678511E-8			1.323803E-8			-6.544985E-1			3.453371E-1
2.866000E+3			4.857023E-8			1.156823E-8			-1.047198E+0			2.867869E-1
2.868000E+3			4.166667E-8			9.128709E-9			-1.308997E+0			2.867869E-1
2.870000E+3			5.345178E-8			3.781235E-9			-1.439897E+0			1.433934E-1
2.872000E+3			4.023689E-8			1.454091E-8			-7.853982E-1			3.141593E-1
2.874000E+3			5.345178E-8			1.463891E-8			-1.178097E+0			2.938691E-1
2.876000E+3			1.740502E-7			4.826557E-8			-1.305122E+0			6.482821E-1
2.878000E+3			6.666667E-8			1.825742E-8			-1.047198E+0			3.627599E-1
2.880000E+3			3.678511E-8			1.323803E-8			-6.544985E-1			3.453371E-1
2.882000E+3			4.166667E-8			9.128709E-9			-7.853982E-1			3.847649E-1
2.884000E+3			3.333333E-8			1.154701E-8			-7.853982E-1			3.847649E-1
2.886000E+3			7.065591E-8			1.009249E-8			-1.100823E+0			1.720777E-1
2.888000E+3			7.011845E-8			1.095522E-8			-1.439897E+0			1.433934E-1
2.890000E+3			6.035534E-8			5.073059E-9			-1.178097E+0			1.923825E-1
2.892000E+3			4.857023E-8			1.156823E-8			-1.047198E+0			2.867869E-1
2.894000E+3			4.857023E-8			1.156823E-8			-1.047198E+0			2.867869E-1
2.896000E+3			4.023689E-8			1.454091E-8			-5.235988E-1			2.867869E-1
2.898000E+3			2.500000E-8			1.224745E-8			-2.617994E-1			2.867869E-1
2.900000E+3			6.035534E-8			5.073059E-9			-1.178097E+0			1.923825E-1
