3.800000E+1			1.099890E-6			2.547748E-7			6.394744E-2			1.100964E+0
3.900000E+1			7.553757E-7			1.792479E-7			8.050786E-1			9.277269E-1
4.000000E+1			8.960591E-7			1.666575E-7			-1.422802E-1			1.039882E+0
4.100000E+1			8.692972E-7			1.999635E-7			-7.046248E-1			1.144014E+0
4.200000E+1			9.026675E-7			2.138550E-7			-5.666815E-1			7.273684E-1
4.300000E+1			1.041089E-6			1.390399E-7			-1.254829E+0			6.909828E-1
4.400000E+1			6.035088E-7			1.087681E-7			3.582383E-1			6.496075E-1
4.500000E+1			1.113755E-6			2.442212E-7			-3.866379E-1			6.263861E-1
4.600000E+1			6.925604E-7			1.533181E-7			-5.916741E-1			8.842025E-1
4.700000E+1			6.578076E-7			2.104885E-7			-6.047130E-1			8.372094E-1
4.800000E+1			6.792357E-7			8.855122E-8			-2.177315E-1			9.316625E-1
4.900000E+1			1.033335E-6			2.910407E-7			-1.611139E+0			5.042828E-1
5.000000E+1			2.347246E-6			3.456535E-7			-9.692564E-1			1.049468E+0
5.100000E+1			1.469496E-6			6.396088E-7			-8.047592E-1			9.668770E-1
5.200000E+1			6.949784E-7			3.286475E-7			3.024548E-1			6.678457E-1
5.300000E+1			1.005743E-6			2.506944E-7			6.425822E-2			9.409064E-1
5.400000E+1			6.785445E-7			2.473915E-7			1.685520E-1			7.316518E-1
5.500000E+1			7.064369E-7			1.971985E-7			-1.207078E+0			6.585826E-1
5.600000E+1			5.355611E-7			9.287542E-8			-2.686288E-1			6.850666E-1
5.700000E+1			7.851194E-7			2.007113E-7			1.702170E+0			3.483497E-1
5.800000E+1			7.904311E-7			1.040792E-7			-5.008630E-1			3.322601E-1
5.900000E+1			5.320309E-7			8.283935E-8			2.272301E-1			9.195473E-1
6.000000E+1			7.812669E-7			1.511201E-7			-3.726284E-1			9.429794E-1
6.100000E+1			8.913660E-7			2.052023E-7			-7.529482E-1			6.861145E-1
6.200000E+1			8.646110E-7			1.357772E-7			5.624556E-1			8.045205E-1
6.300000E+1			7.729234E-7			2.249566E-7			-2.118541E-1			1.125668E+0
6.400000E+1			7.802766E-7			2.545043E-7			-2.420286E-1			7.682412E-1
6.500000E+1			6.110821E-7			1.093017E-7			5.696982E-1			7.048662E-1
6.600000E+1			4.736683E-7			1.138824E-7			-1.390461E+0			7.450016E-1
6.700000E+1			5.825394E-7			1.101066E-7			-8.355149E-3			7.684597E-1
6.800000E+1			6.602847E-7			1.196904E-7			-4.179250E-1			6.020745E-1
6.900000E+1			7.101811E-7			1.524804E-7			-5.262594E-1			8.587960E-1
7.000000E+1			7.494185E-7			1.301740E-7			-4.430398E-1			8.779159E-1
7.100000E+1			7.234653E-7			1.926539E-7			-6.366990E-1			4.841716E-1
7.200000E+1			6.283646E-7			1.232961E-7			-3.086924E-1			1.124270E+0
7.300000E+1			1.668253E-6			2.797711E-7			1.608160E+0			2.132460E-1
7.400000E+1			5.265669E-6			7.660981E-7			-8.934635E-1			7.570421E-1
7.500000E+1			2.876763E-5			5.049712E-6			-2.236200E+0			3.604023E-1
7.600000E+1			1.064816E-5			5.123945E-6			-2.863822E-1			8.475656E-1
7.700000E+1			2.131019E-6			6.375565E-7			4.404961E-2			1.417279E+0
7.800000E+1			8.238355E-7			2.042714E-7			-1.888542E-2			8.014144E-1
7.900000E+1			9.088967E-7			2.609399E-7			3.951455E-1			3.043348E-1
8.000000E+1			5.006964E-7			1.418194E-7			-6.184613E-2			8.125896E-1
8.100000E+1			6.741627E-7			1.153825E-7			-5.345638E-1			3.092514E-1
8.200000E+1			5.895929E-7			1.504369E-7			-7.900933E-1			6.191299E-1
8.300000E+1			5.149913E-7			1.652397E-7			1.564824E-1			6.345722E-1
8.400000E+1			4.245730E-7			3.119398E-8			-2.155581E-1			8.319218E-1
8.500000E+1			4.267321E-7			4.947661E-8			-1.002782E+0			8.870756E-1
8.600000E+1			5.916923E-7			1.770877E-7			-1.009853E+0			3.446854E-1
8.700000E+1			3.804601E-7			5.976650E-8			6.438550E-1			8.571455E-1
8.800000E+1			2.815691E-5			1.182029E-5			1.566663E-1			1.063430E+0
8.900000E+1			7.077232E-5			1.092745E-5			-5.892440E-1			7.531947E-1
9.000000E+1			5.034229E-5			1.181346E-5			1.371680E+0			5.157575E-1
9.100000E+1			5.433055E-5			1.662879E-5			8.343785E-1			8.225047E-1
9.200000E+1			2.688565E-5			7.690510E-6			-1.896912E+0			1.986257E-1
9.300000E+1			5.472959E-5			2.203584E-5			2.268143E-1			7.892477E-1
9.400000E+1			7.071701E-5			1.903364E-5			-1.238801E+0			8.116640E-1
9.500000E+1			8.474634E-5			2.096813E-5			-1.997756E-1			1.020052E+0
9.600000E+1			8.554303E-5			1.916990E-5			1.119128E-1			1.107187E+0
9.700000E+1			2.087944E-5			8.915669E-6			-1.371924E+0			3.795552E-1
9.800000E+1			2.113517E-5			1.029408E-5			1.399742E+0			5.460901E-1
9.900000E+1			3.035335E-5			4.152094E-6			1.435763E+0			2.451341E-1
1.000000E+2			9.479572E-5			1.438195E-5			4.968585E-1			8.150938E-1
1.010000E+2			6.614417E-5			1.042220E-5			-1.412756E+0			9.116493E-1
1.020000E+2			7.188393E-5			1.489873E-5			-3.450580E-1			7.757595E-1
1.030000E+2			8.398572E-5			1.287452E-5			6.742947E-1			8.016613E-1
1.040000E+2			4.500143E-5			1.383142E-5			8.826307E-1			8.664663E-1
1.050000E+2			4.958407E-5			2.423113E-5			-1.433374E+0			5.553740E-1
1.060000E+2			6.390428E-5			2.121706E-5			-6.519735E-2			1.017379E+0
1.070000E+2			1.040781E-4			1.390574E-5			-1.338027E+0			7.104291E-1
1.080000E+2			5.049320E-5			1.329894E-5			-1.074189E+0			7.116014E-1
1.090000E+2			4.185801E-5			1.058498E-5			1.844093E-1			7.699363E-1
1.100000E+2			6.094617E-5			1.657137E-5			1.229392E-1			4.963548E-1
1.110000E+2			4.801873E-5			5.945917E-6			3.098197E-1			1.016941E+0
1.120000E+2			9.203347E-5			1.276437E-5			5.015289E-2			1.004179E+0
1.130000E+2			9.310525E-5			1.697344E-5			-3.147446E-1			8.501556E-1
1.140000E+2			5.579500E-5			1.657625E-5			7.834540E-1			3.874785E-1
1.150000E+2			6.684324E-5			1.860271E-5			3.455604E-1			9.622278E-1
1.160000E+2			2.451185E-5			9.643362E-6			-3.350498E-1			5.570534E-1
1.170000E+2			5.141358E-6			1.566431E-6			8.600059E-1			8.618078E-1
1.180000E+2			1.144899E-6			6.242417E-7			4.243143E-1			6.391877E-1
1.190000E+2			2.392461E-7			3.718485E-8			4.394899E-1			1.207597E+0
1.200000E+2			5.218576E-7			1.006952E-7			-1.184605E+0			6.705577E-1
1.210000E+2			3.960124E-7			1.153681E-7			2.021567E-1			1.589880E-1
1.220000E+2			6.440787E-7			8.636564E-8			-2.747731E-1			7.130529E-1
1.230000E+2			1.402461E-5			6.577924E-6			-3.288391E-1			6.086875E-1
1.240000E+2			1.110965E-5			4.976338E-6			8.616317E-1			9.868275E-1
1.250000E+2			9.210417E-6			1.639056E-6			3.527397E-1			1.353057E+0
1.260000E+2			3.242551E-6			1.534938E-6			4.824117E-1			1.013495E+0
1.270000E+2			7.049833E-7			2.882770E-7			-5.871673E-1			1.210832E+0
1.280000E+2			5.035026E-7			1.924277E-7			-6.576544E-1			8.087958E-1
1.290000E+2			3.043072E-7			5.663309E-8			-4.099309E-1			6.293146E-1
1.300000E+2			4.153617E-7			4.211801E-8			-1.000964E+0			6.431662E-1
1.310000E+2			3.845509E-7			8.469324E-8			-4.132610E-3			6.421122E-1
1.320000E+2			4.327172E-7			7.777792E-8			-4.849373E-1			8.815154E-1
1.330000E+2			2.533315E-7			5.338121E-8			-1.087601E-1			7.932280E-1
1.340000E+2			2.572739E-7			9.322252E-8			2.865885E-1			9.550288E-1
1.350000E+2			3.617736E-7			9.508292E-8			3.041640E-1			8.302022E-1
1.360000E+2			2.651095E-7			2.262905E-8			-6.907656E-1			9.438705E-1
1.370000E+2			4.716257E-7			7.702338E-8			-8.926446E-1			5.531324E-1
1.380000E+2			3.801217E-7			4.100973E-8			-7.200900E-1			7.731572E-1
1.390000E+2			3.673503E-7			3.737506E-8			-3.802098E-1			6.938433E-1
1.400000E+2			4.189224E-7			8.492914E-8			-1.417882E+0			4.989473E-1
1.410000E+2			2.789911E-7			7.180074E-8			7.540994E-1			6.573675E-1
1.420000E+2			3.984370E-7			1.015653E-7			-7.063338E-1			5.697745E-1
1.430000E+2			3.793629E-7			7.448567E-8			-2.141294E-1			8.478081E-1
1.440000E+2			3.410927E-7			1.070579E-7			5.473838E-1			7.969793E-1
1.450000E+2			3.006261E-7			6.634565E-8			2.284436E-2			9.607648E-1
1.460000E+2			3.273565E-7			3.976255E-8			2.512385E-1			8.758189E-1
1.470000E+2			5.123016E-7			1.056755E-7			-2.084213E-1			3.468492E-1
1.480000E+2			3.714763E-7			1.011201E-7			3.942081E-1			7.148639E-1
1.490000E+2			4.325385E-7			4.116450E-8			1.311565E-2			1.959416E-1
1.500000E+2			2.563736E-7			7.237005E-8			-9.397013E-1			4.984895E-1
1.510000E+2			4.108874E-7			1.199882E-7			-1.281701E-1			6.647993E-1
1.520000E+2			2.575386E-7			4.192528E-8			4.972354E-1			7.640892E-1
1.530000E+2			3.867194E-7			7.899081E-8			-8.987827E-1			3.719750E-1
1.540000E+2			3.322838E-7			7.449160E-8			-2.053989E-1			5.518773E-1
1.550000E+2			3.097097E-7			5.826813E-8			8.366322E-1			8.608731E-1
1.560000E+2			3.809776E-7			7.762386E-8			5.117968E-2			4.751042E-1
1.570000E+2			2.798455E-7			6.444194E-8			3.028452E-2			8.080503E-1
1.580000E+2			3.200776E-7			6.144980E-8			-2.545006E-1			7.555748E-1
1.590000E+2			3.878210E-7			1.050084E-7			-2.064546E-1			4.756669E-1
1.600000E+2			2.731071E-7			6.760922E-8			9.265719E-2			6.375060E-1
1.610000E+2			2.841485E-7			7.875475E-8			-8.011894E-1			4.537467E-1
1.620000E+2			2.611671E-7			4.901038E-8			-3.362775E-1			8.968861E-1
1.630000E+2			3.972664E-7			6.002540E-8			-9.512025E-1			4.607118E-1
1.640000E+2			1.042013E-5			4.061255E-6			3.672309E-1			8.041104E-1
1.650000E+2			4.290812E-5			1.021511E-5			-2.713762E-1			1.014282E+0
1.660000E+2			5.148812E-5			6.523493E-6			-4.597786E-1			2.293706E-1
1.670000E+2			4.344544E-5			6.944937E-6			1.713166E-1			8.905051E-1
1.680000E+2			3.479763E-5			8.316541E-6			1.378798E+0			2.999565E-1
1.690000E+2			3.432151E-5			7.100623E-6			3.457730E-1			2.984670E-1
1.700000E+2			5.871168E-5			1.774238E-5			8.623726E-1			8.452147E-1
1.710000E+2			4.618688E-5			6.985015E-6			5.855820E-1			4.251780E-1
1.720000E+2			3.893432E-5			1.608508E-5			-2.545107E-1			7.650768E-1
1.730000E+2			3.090469E-5			8.224988E-6			9.656734E-1			2.967610E-1
1.740000E+2			3.398603E-5			9.179124E-6			4.165601E-2			9.171633E-1
1.750000E+2			4.719269E-5			1.147141E-5			2.191963E-1			7.924573E-1
1.760000E+2			4.413354E-5			7.648892E-6			6.524276E-1			9.091490E-1
1.770000E+2			4.140127E-5			5.387879E-6			1.655496E-1			1.107070E+0
1.780000E+2			3.429447E-5			1.242802E-5			-1.950077E-1			8.312227E-1
1.790000E+2			5.241946E-5			1.856200E-5			-4.996358E-1			5.485019E-1
1.800000E+2			1.243937E-5			6.223035E-6			6.386079E-2			6.921228E-1
1.810000E+2			3.626296E-7			5.180676E-8			-3.605499E-1			5.484719E-1
1.820000E+2			2.380306E-7			5.954779E-8			5.423664E-1			9.352089E-1
1.830000E+2			3.065836E-7			1.433739E-8			2.888452E-1			4.035255E-1
1.840000E+2			3.269099E-7			5.595696E-8			-5.417437E-1			3.567173E-1
1.850000E+2			3.088909E-7			8.971478E-8			-5.485515E-2			5.657336E-1
1.860000E+2			2.562988E-7			6.015499E-8			-5.108741E-2			7.318282E-1
1.870000E+2			3.053262E-7			8.638413E-8			5.297257E-1			7.821943E-1
1.880000E+2			4.215125E-7			9.085448E-8			6.816847E-1			5.940249E-1
1.890000E+2			3.101925E-7			3.387242E-8			-9.862785E-1			5.168648E-1
1.900000E+2			3.022484E-7			7.517324E-8			-1.070304E-1			6.680726E-1
1.910000E+2			3.275284E-7			6.961344E-8			4.210814E-1			6.504066E-1
1.920000E+2			3.034486E-7			4.583177E-8			1.893731E-1			6.513798E-1
1.930000E+2			3.590708E-7			5.723946E-8			-8.867643E-2			2.185826E-1
1.940000E+2			3.443452E-7			8.389476E-8			-1.027184E+0			6.576272E-1
1.950000E+2			2.414264E-7			5.592130E-8			-5.374452E-1			1.079431E+0
1.960000E+2			2.717431E-7			8.097757E-8			4.161820E-1			6.374473E-1
1.970000E+2			2.592513E-7			4.570895E-8			9.152038E-1			4.900113E-1
1.980000E+2			3.619930E-7			5.676846E-8			-5.261512E-1			1.722867E-1
1.990000E+2			2.827503E-7			7.020363E-8			-9.868486E-1			3.928358E-1
2.000000E+2			4.756852E-7			7.270258E-8			-2.162671E-1			4.328392E-1
2.010000E+2			2.584916E-7			5.983066E-8			-3.076731E-1			6.849769E-1
2.020000E+2			1.742112E-7			5.083413E-8			1.589342E-1			9.861180E-1
2.030000E+2			2.915461E-7			5.196357E-8			-2.056616E-1			8.452467E-1
2.040000E+2			3.270621E-7			5.649153E-8			-6.056079E-1			6.699083E-1
2.050000E+2			2.590537E-7			4.056947E-8			1.791575E-1			6.422042E-1
2.060000E+2			2.925453E-7			4.209681E-8			-5.557939E-1			3.573439E-1
2.070000E+2			3.126383E-7			5.968041E-8			2.012756E-1			2.102177E-1
2.080000E+2			3.697046E-7			6.609425E-8			-8.079483E-2			2.674940E-1
2.090000E+2			3.887769E-7			7.579320E-8			-9.756188E-1			3.411745E-1
2.100000E+2			2.242300E-7			3.678334E-8			4.087866E-2			9.084750E-1
2.110000E+2			3.176463E-7			1.007581E-7			1.079747E-1			9.449001E-1
2.120000E+2			3.047519E-7			6.703964E-8			3.976185E-1			2.756207E-1
2.130000E+2			2.868420E-7			4.328046E-8			1.424849E-2			6.127432E-1
2.140000E+2			1.891786E-7			4.412196E-8			6.009597E-1			6.606761E-1
2.150000E+2			2.528359E-7			5.981444E-8			-8.133837E-1			5.636190E-1
2.160000E+2			2.311068E-7			3.448930E-8			-3.680052E-1			6.665295E-1
2.170000E+2			2.244998E-7			5.469881E-8			-1.332715E-1			4.380599E-1
2.180000E+2			2.449761E-7			5.189228E-8			1.149597E+0			5.740374E-1
2.190000E+2			1.946529E-7			6.166412E-8			-3.018265E-1			7.227771E-1
2.200000E+2			2.005147E-7			2.026152E-8			6.552756E-1			9.147217E-1
2.210000E+2			1.209446E-5			9.109737E-6			1.560238E+0			3.518060E-1
2.220000E+2			4.140948E-5			9.143813E-6			9.825655E-1			7.991841E-1
2.230000E+2			4.261810E-5			9.947203E-6			-4.261216E-1			9.424007E-1
2.240000E+2			4.931525E-5			2.040111E-5			-1.016773E-1			5.586157E-1
2.250000E+2			6.722840E-5			1.608014E-5			-9.584140E-1			9.842658E-1
2.260000E+2			5.810627E-5			1.174752E-5			-9.149803E-1			8.030650E-1
2.270000E+2			3.589916E-5			8.720473E-6			1.473977E+0			6.300250E-1
2.280000E+2			2.704194E-5			6.936970E-6			-6.751691E-1			6.703422E-1
2.290000E+2			3.530649E-5			6.035529E-6			-2.822317E-1			9.218546E-1
2.300000E+2			3.034367E-5			7.532338E-6			4.589534E-1			8.542382E-1
2.310000E+2			2.517994E-5			7.620784E-6			-5.608876E-1			6.939854E-1
2.320000E+2			2.903165E-6			2.300647E-6			-9.655827E-1			5.904091E-1
2.330000E+2			2.802535E-7			5.934572E-8			5.952521E-2			7.843154E-1
2.340000E+2			2.289707E-7			3.613008E-8			1.786739E+0			6.581334E-1
2.350000E+2			2.695374E-7			4.147177E-8			5.694170E-1			9.713826E-1
2.360000E+2			2.114067E-7			3.221387E-8			-2.791509E-1			7.947813E-1
2.370000E+2			2.863864E-7			5.498984E-8			9.353308E-2			4.074491E-1
