1.500000E+2			2.184498E-6			2.896868E-7			2.381989E-1			2.869434E-1
1.505000E+2			2.143095E-6			1.347452E-7			3.802089E-2			4.902126E-2
1.510000E+2			2.169706E-6			4.561745E-8			4.691378E-2			1.953874E-2
1.515000E+2			2.340188E-6			3.696019E-8			8.333845E-2			1.185048E-2
1.520000E+2			2.423694E-6			3.596428E-8			1.039132E-1			2.040670E-2
1.525000E+2			2.363018E-6			4.142937E-8			8.094560E-2			2.145341E-2
1.530000E+2			2.785877E-6			2.629801E-8			1.066716E-1			1.153080E-2
1.535000E+2			2.918766E-6			2.770188E-8			1.154385E-1			8.058409E-3
1.540000E+2			3.178551E-6			3.439025E-8			1.469438E-1			6.393770E-3
1.545000E+2			3.469187E-6			2.714018E-8			1.660512E-1			9.076642E-3
1.550000E+2			3.801240E-6			2.103664E-8			2.003539E-1			5.890580E-3
1.555000E+2			4.165973E-6			2.413757E-8			2.469068E-1			5.702249E-3
1.560000E+2			4.666392E-6			3.493173E-8			2.685456E-1			5.778402E-3
1.565000E+2			5.287250E-6			3.210106E-8			3.305245E-1			3.943334E-3
1.570000E+2			6.064219E-6			4.684216E-8			4.069645E-1			4.853373E-3
1.575000E+2			7.073852E-6			5.322061E-8			4.697260E-1			4.655969E-3
1.580000E+2			8.370416E-6			6.487927E-8			6.100424E-1			7.597911E-3
1.585000E+2			1.009886E-5			8.950023E-8			7.993617E-1			9.789108E-3
1.590000E+2			1.193088E-5			8.177334E-8			1.047904E+0			1.239451E-2
1.595000E+2			1.321672E-5			6.349359E-8			1.358483E+0			1.541362E-2
1.600000E+2			1.291829E-5			3.927725E-8			1.738084E+0			1.867610E-2
1.605000E+2			1.137244E-5			9.118047E-8			2.037042E+0			1.456710E-2
1.610000E+2			9.506572E-6			9.958544E-8			2.273731E+0			1.160230E-2
1.615000E+2			7.912878E-6			7.341876E-8			2.452022E+0			8.916876E-3
1.620000E+2			6.667912E-6			5.837483E-8			2.538721E+0			5.594085E-3
1.625000E+2			5.768082E-6			4.640310E-8			2.630409E+0			7.150079E-3
1.630000E+2			5.062574E-6			4.038313E-8			2.694900E+0			4.252456E-3
1.635000E+2			4.458782E-6			2.804534E-8			2.747124E+0			6.136109E-3
1.640000E+2			3.986831E-6			2.580057E-8			2.786872E+0			5.007498E-3
1.645000E+2			3.600524E-6			3.145220E-8			2.811770E+0			6.426269E-3
1.650000E+2			3.345843E-6			3.444198E-8			2.824096E+0			8.099869E-3
1.655000E+2			3.004766E-6			2.009252E-8			2.854925E+0			5.968637E-3
1.660000E+2			2.828349E-6			1.815189E-8			2.860204E+0			3.561592E-3
1.665000E+2			2.628848E-6			2.486630E-8			2.889958E+0			5.404571E-3
1.670000E+2			2.470353E-6			1.816625E-8			2.889396E+0			8.381729E-3
1.675000E+2			2.282549E-6			2.102735E-8			2.933635E+0			1.027327E-2
1.680000E+2			2.149953E-6			1.762650E-8			2.916299E+0			1.125620E-2
1.685000E+2			2.061603E-6			2.197504E-8			2.933215E+0			1.181638E-2
1.690000E+2			1.942529E-6			1.682327E-8			2.955384E+0			9.847312E-3
1.695000E+2			1.876467E-6			2.430418E-8			2.972387E+0			1.139662E-2
1.700000E+2			1.677195E-6			1.539959E-8			3.030608E+0			1.259424E-2
