2.780000E+3			6.287611E-8			4.774320E-9			-4.377700E-1			1.410210E-1
2.780500E+3			6.631594E-8			5.942554E-9			-4.208357E-1			8.986683E-2
2.781000E+3			6.524320E-8			3.567326E-9			-6.444537E-1			1.117210E-1
2.781500E+3			6.304584E-8			6.080537E-9			-3.794990E-1			1.091786E-1
2.782000E+3			8.133753E-8			5.357559E-9			-4.940432E-1			7.835111E-2
2.782500E+3			6.071334E-8			3.914174E-9			-2.066837E-1			8.375092E-2
2.783000E+3			6.986783E-8			4.730787E-9			-3.550965E-1			9.219536E-2
2.783500E+3			6.633324E-8			3.468610E-9			-5.543119E-1			9.279622E-2
2.784000E+3			7.392890E-8			4.358846E-9			-6.105852E-1			6.984306E-2
2.784500E+3			6.285881E-8			5.535134E-9			-9.014176E-2			5.248172E-2
2.785000E+3			6.287611E-8			6.182736E-9			-1.897495E-1			7.853358E-2
2.785500E+3			8.737435E-8			5.541299E-9			-5.597825E-1			7.268212E-2
2.786000E+3			7.908547E-8			1.401766E-8			-5.204435E-1			1.606007E-1
2.786500E+3			8.148996E-8			5.913039E-9			-5.353800E-1			7.865365E-2
2.787000E+3			7.003756E-8			4.581253E-9			-4.621725E-1			8.854058E-2
2.787500E+3			5.806446E-8			5.811294E-9			-1.070760E-1			6.163487E-2
2.788000E+3			6.876050E-8			5.601994E-9			-2.141520E-1			7.907605E-2
2.788500E+3			8.024750E-8			5.596088E-9			-5.353800E-1			9.672166E-2
2.789000E+3			7.329037E-8			4.950969E-9			-4.865750E-1			8.452958E-2
2.789500E+3			7.900503E-8			5.242835E-9			-4.039015E-1			8.749105E-2
2.790000E+3			7.793229E-8			4.682709E-9			-4.621725E-1			8.854058E-2
2.790500E+3			6.161635E-8			4.926960E-9			-4.133675E-2			4.246947E-2
2.791000E+3			6.829170E-8			5.928754E-9			-1.972178E-1			7.362853E-2
2.791500E+3			6.225488E-8			4.431324E-9			-1.653470E-1			7.753829E-2
2.792000E+3			7.157910E-8			4.859830E-9			-4.208357E-1			8.986683E-2
2.792500E+3			7.014962E-8			5.270930E-9			-1.653470E-1			7.753829E-2
2.793000E+3			7.693702E-8			6.219543E-9			-2.440251E-2			2.507119E-2
2.793500E+3			8.485483E-8			6.381276E-9			-2.290885E-1			6.863676E-2
2.794000E+3			8.333058E-8			5.710146E-9			-3.700330E-1			8.192105E-2
2.794500E+3			6.842105E-8			5.840639E-9			0.000000E+0			0.000000E+0
2.795000E+3			7.618643E-8			6.140566E-9			-1.972178E-1			7.362853E-2
2.795500E+3			8.545299E-8			5.894637E-9			-4.880501E-2			3.445706E-2
2.796000E+3			8.641367E-8			5.725425E-9			-2.873595E-1			7.804146E-2
2.796500E+3			6.904228E-8			6.068055E-9			-2.440251E-2			2.507119E-2
2.797000E+3			6.424793E-8			5.291463E-9			-4.133675E-2			4.246947E-2
2.797500E+3			8.220018E-8			5.988539E-9			-2.440251E-2			2.507119E-2
2.798000E+3			8.220018E-8			5.988539E-9			-2.440251E-2			2.507119E-2
2.798500E+3			8.453268E-8			6.017029E-9			-1.145443E-1			5.590088E-2
2.799000E+3			8.065864E-8			7.112306E-9			-6.573925E-2			4.810316E-2
2.799500E+3			8.157895E-8			7.038832E-9			0.000000E+0			0.000000E+0
2.800000E+3			7.693702E-8			6.219543E-9			2.440251E-2			2.507119E-2
2.800500E+3			7.492667E-8			6.415134E-9			4.880501E-2			3.445706E-2
2.801000E+3			7.849586E-8			5.673633E-9			8.267349E-2			5.836870E-2
2.801500E+3			7.539548E-8			6.084517E-9			6.573925E-2			4.810316E-2
2.802000E+3			8.006048E-8			6.386735E-9			2.460228E-1			7.402409E-2
2.802500E+3			7.622680E-8			8.258931E-9			5.015115E-1			7.159609E-2
2.803000E+3			8.069900E-8			5.896679E-9			3.700330E-1			8.192105E-2
2.803500E+3			6.351464E-8			4.249881E-9			3.137597E-1			9.065031E-2
2.804000E+3			6.505618E-8			4.676633E-9			3.550965E-1			1.109401E-1
2.804500E+3			6.413587E-8			6.046428E-9			3.381622E-1			8.915187E-2
2.805000E+3			6.199039E-8			2.476204E-9			4.547042E-1			9.390353E-2
2.805500E+3			6.090036E-8			2.504184E-9			6.613879E-1			1.274084E-1
2.806000E+3			5.934152E-8			4.997871E-9			6.857904E-1			1.370266E-1
2.806500E+3			4.556239E-8			6.929384E-9			6.613879E-1			1.415649E-1
2.807000E+3			5.127706E-8			4.824899E-9			6.613879E-1			1.544291E-1
2.807500E+3			4.798965E-8			5.194629E-9			1.133026E+0			1.658384E-1
2.808000E+3			3.530056E-8			5.911784E-9			9.507451E-1			1.807380E-1
2.808500E+3			3.684211E-8			6.622662E-9			1.074755E+0			1.768145E-1
2.809000E+3			2.105263E-8			5.978084E-9			6.613879E-1			1.878071E-1
2.809500E+3			3.421053E-8			5.628180E-9			1.074755E+0			1.768145E-1
2.810000E+3			2.368421E-8			6.045635E-9			5.787144E-1			2.211314E-1
2.810500E+3			1.315789E-8			5.331749E-9			4.133675E-1			1.675018E-1
2.811000E+3			2.368421E-8			1.381560E-8			4.960409E-1			2.156252E-1
2.811500E+3			2.105263E-8			1.634683E-8			3.306940E-1			1.981909E-1
2.812000E+3			2.127043E-8			1.656486E-8			3.220019E-1			1.910336E-1
2.812500E+3			1.315789E-8			1.351845E-8			1.653470E-1			1.698779E-1
2.813000E+3			4.736842E-8			2.339729E-8			6.613879E-1			2.845419E-1
2.813500E+3			3.947368E-8			2.207554E-8			4.960409E-1			2.774094E-1
2.814000E+3			1.842105E-8			1.629707E-8			8.267349E-2			1.941040E-1
2.814500E+3			5.000000E-8			2.635231E-8			4.133675E-1			2.982957E-1
2.815000E+3			5.284938E-8			2.480989E-8			-7.398146E-2			3.328545E-1
2.815500E+3			6.578947E-8			2.806865E-8			4.960409E-1			3.502122E-1
2.816000E+3			3.157895E-8			1.629707E-8			-3.306940E-1			2.640859E-1
2.816500E+3			2.105263E-8			1.634683E-8			0.000000E+0			2.137583E-1
2.817000E+3			1.600727E-8			1.644591E-8			-1.566549E-1			1.609477E-1
2.817500E+3			4.473684E-8			1.999025E-8			-4.960409E-1			3.036229E-1
2.818000E+3			4.473684E-8			1.795688E-8			-2.480205E-1			3.326022E-1
2.818500E+3			1.842105E-8			5.840639E-9			-5.787144E-1			1.834891E-1
2.819000E+3			6.622507E-8			2.540843E-8			-7.266773E-1			3.278564E-1
2.819500E+3			1.315789E-8			5.331749E-9			-4.133675E-1			1.675018E-1
2.820000E+3			2.916516E-8			1.655877E-8			-5.700224E-1			2.153281E-1
2.820500E+3			4.758622E-8			1.999039E-8			-5.700224E-1			3.034119E-1
2.821000E+3			3.684211E-8			5.331749E-9			-1.157429E+0			1.675018E-1
2.821500E+3			2.368421E-8			6.045635E-9			-7.440614E-1			1.899292E-1
2.822000E+3			2.631579E-8			6.045635E-9			-8.267349E-1			1.899292E-1
2.822500E+3			2.477425E-8			6.416245E-9			-7.027247E-1			1.840344E-1
2.823000E+3			2.894737E-8			5.978084E-9			-8.267349E-1			1.899292E-1
2.823500E+3			4.762900E-8			1.353985E-8			-1.147040E+0			2.024450E-1
2.824000E+3			3.973426E-8			1.360857E-8			-9.816927E-1			2.153924E-1
2.824500E+3			4.495464E-8			1.587009E-8			-1.066063E+0			2.108719E-1
2.825000E+3			9.296159E-8			2.550749E-8			-5.286857E-1			3.822647E-1
2.825500E+3			1.496686E-7			2.602152E-8			-3.085203E-1			4.550789E-1
2.826000E+3			2.577043E-7			3.483565E-8			-7.669305E-1			5.377092E-1
2.826500E+3			1.760159E-7			3.074938E-8			-7.398146E-2			5.380724E-1
2.827000E+3			3.748063E-8			6.409108E-9			-9.507451E-1			1.698779E-1
2.827500E+3			5.109004E-8			4.084885E-9			-1.446786E+0			9.283031E-2
2.828000E+3			2.631579E-8			6.045635E-9			-8.267349E-1			1.899292E-1
2.828500E+3			2.631579E-8			7.209841E-9			-7.440614E-1			1.899292E-1
2.829000E+3			3.421053E-8			5.628180E-9			-1.074755E+0			1.768145E-1
2.829500E+3			2.740583E-8			6.389974E-9			-7.853982E-1			1.851201E-1
2.830000E+3			3.684211E-8			5.331749E-9			-1.157429E+0			1.675018E-1
2.830500E+3			3.793214E-8			9.648434E-9			-7.853982E-1			1.851201E-1
2.831000E+3			5.000000E-8			3.928371E-9			-1.488123E+0			8.493894E-2
2.831500E+3			3.947368E-8			4.936241E-9			-1.240102E+0			1.550766E-1
2.832000E+3			3.157895E-8			5.840639E-9			-9.920819E-1			1.834891E-1
2.832500E+3			4.428533E-8			4.886797E-9			-1.240102E+0			1.422710E-1
2.833000E+3			3.793214E-8			6.840760E-9			-1.033419E+0			1.751061E-1
2.833500E+3			4.644811E-8			7.138162E-9			-1.091690E+0			1.648747E-1
2.834000E+3			3.421053E-8			6.863564E-9			-9.094084E-1			1.878071E-1
2.834500E+3			4.319530E-8			4.664403E-9			-1.281439E+0			1.408553E-1
2.835000E+3			4.056372E-8			7.604642E-9			-1.033419E+0			1.751061E-1
2.835500E+3			4.800695E-8			4.378442E-9			-1.281439E+0			1.266195E-1
2.836000E+3			3.793214E-8			5.600347E-9			-1.116092E+0			1.669026E-1
2.836500E+3			3.639060E-8			6.171110E-9			-9.920819E-1			1.728020E-1
2.837000E+3			4.210526E-8			5.909761E-9			-1.240102E+0			1.550766E-1
2.837500E+3			4.319530E-8			7.254023E-9			-1.116092E+0			1.669026E-1
2.838000E+3			3.421053E-8			5.628180E-9			-1.074755E+0			1.768145E-1
2.838500E+3			4.319530E-8			4.664403E-9			-1.198766E+0			1.557214E-1
2.839000E+3			4.056372E-8			6.511412E-9			-1.033419E+0			1.751061E-1
2.839500E+3			3.375902E-8			6.418108E-9			-9.094084E-1			1.773803E-1
2.840000E+3			4.319530E-8			6.098258E-9			-1.198766E+0			1.557214E-1
