9.800000E+2			1.525532E-7			1.510611E-8			-4.479636E-1			1.090261E-1
9.805000E+2			1.370987E-7			1.460163E-8			1.583192E-1			1.822375E-1
9.810000E+2			1.201304E-7			1.596420E-8			-1.215995E-1			5.276991E-2
9.815000E+2			1.624953E-7			1.823463E-8			-2.475162E-1			1.101727E-1
9.820000E+2			1.566619E-7			1.558028E-8			-1.207642E-1			1.037496E-1
9.825000E+2			1.318061E-7			1.347872E-8			-2.370781E-1			1.522766E-1
9.830000E+2			1.388680E-7			5.007323E-9			-3.064291E-2			2.164071E-2
9.835000E+2			1.485675E-7			6.419058E-9			-3.739991E-2			2.688488E-2
9.840000E+2			1.546992E-7			8.281195E-9			-9.192873E-2			3.330435E-2
9.845000E+2			1.678975E-7			1.462183E-8			-7.464471E-2			6.634687E-2
9.850000E+2			1.786779E-7			1.746841E-8			6.757003E-3			5.074409E-2
9.855000E+2			1.769597E-7			1.456800E-8			-2.124312E-2			4.673115E-2
9.860000E+2			1.901123E-7			1.101180E-8			8.008540E-2			2.988882E-2
9.865000E+2			2.232972E-7			1.584341E-8			2.642786E-3			6.900222E-2
9.870000E+2			2.336856E-7			1.772796E-8			5.402526E-2			4.663797E-2
9.875000E+2			2.502412E-7			1.249662E-8			6.727140E-3			6.245105E-2
9.880000E+2			2.513919E-7			1.439131E-8			1.831857E-1			5.318609E-2
9.885000E+2			2.492639E-7			1.715503E-8			2.389981E-1			8.456930E-2
9.890000E+2			2.701497E-7			1.413348E-8			5.205421E-1			1.180289E-1
9.895000E+2			3.082971E-7			1.188607E-8			3.324798E-1			2.364604E-2
9.900000E+2			3.159264E-7			8.139496E-9			4.932739E-1			2.263625E-2
9.905000E+2			3.470075E-7			1.132501E-8			6.890761E-1			5.471337E-2
9.910000E+2			4.034048E-7			1.750397E-8			8.383162E-1			3.844788E-2
9.915000E+2			3.931226E-7			1.270310E-8			1.014140E+0			7.918383E-2
9.920000E+2			4.065694E-7			1.722847E-8			1.378289E+0			9.250327E-2
9.925000E+2			3.841052E-7			1.190875E-8			1.623895E+0			6.863478E-2
9.930000E+2			4.950962E-7			1.968346E-8			2.128447E+0			9.217108E-2
9.935000E+2			5.213643E-7			2.758011E-8			2.109493E+0			2.689322E-1
9.940000E+2			4.984699E-7			2.793217E-8			2.561048E+0			3.544450E-2
9.945000E+2			4.291000E-7			1.282939E-8			2.311046E+0			3.133998E-1
9.950000E+2			4.289546E-7			4.274799E-8			2.784191E+0			9.410139E-2
9.955000E+2			4.013447E-7			7.478619E-9			2.913087E+0			1.187362E-2
9.960000E+2			3.895838E-7			1.621834E-8			2.960134E+0			3.280827E-2
9.965000E+2			4.298867E-7			4.291405E-8			2.952901E+0			7.774175E-2
9.970000E+2			3.753893E-7			2.637425E-8			2.490603E+0			4.024400E-1
9.975000E+2			3.559403E-7			2.433810E-8			3.112224E+0			1.406357E-2
9.980000E+2			3.319856E-7			5.700259E-9			2.828034E+0			2.989793E-1
9.985000E+2			3.297969E-7			1.990067E-8			2.075324E+0			5.014792E-1
9.990000E+2			2.965896E-7			1.621931E-8			1.026340E+0			6.351792E-1
9.995000E+2			2.710053E-7			2.739427E-8			1.598491E+0			4.649188E-1
1.000000E+3			2.810222E-7			4.580002E-8			4.568616E-1			5.881652E-1
