    nm         	nm
0.000000e+000	-5.012320e+000
6.079542e-002	-5.012320e+000
1.215908e-001	-5.012320e+000
1.823863e-001	-5.012320e+000
2.431817e-001	-5.023976e+000
3.039771e-001	-5.000663e+000
3.647725e-001	-5.010377e+000
4.255680e-001	-5.010377e+000
4.863634e-001	-5.010377e+000
5.471588e-001	-5.010377e+000
6.079542e-001	-5.010377e+000
6.687497e-001	-5.010377e+000
7.295451e-001	-5.012320e+000
7.903405e-001	-5.013291e+000
8.511359e-001	-5.014263e+000
9.119314e-001	-5.015234e+000
9.727268e-001	-5.015234e+000
1.033522e+000	-5.016205e+000
1.094318e+000	-5.017177e+000
1.155113e+000	-5.018148e+000
1.215908e+000	-5.019119e+000
1.276704e+000	-5.019119e+000
1.337499e+000	-5.019119e+000
1.398294e+000	-5.018148e+000
1.459090e+000	-5.018148e+000
1.519885e+000	-5.017177e+000
1.580680e+000	-5.018148e+000
1.641476e+000	-5.019119e+000
1.702271e+000	-5.020091e+000
1.763067e+000	-5.021062e+000
1.823862e+000	-5.022033e+000
1.884657e+000	-5.023005e+000
1.945453e+000	-5.023005e+000
2.006248e+000	-5.024948e+000
2.067043e+000	-5.026890e+000
2.127839e+000	-5.028833e+000
2.188634e+000	-5.029805e+000
2.249430e+000	-5.031747e+000
2.310225e+000	-5.033690e+000
2.371020e+000	-5.033690e+000
2.431816e+000	-5.033690e+000
2.492611e+000	-5.032719e+000
2.553406e+000	-5.030776e+000
2.614202e+000	-5.029805e+000
2.674997e+000	-5.029805e+000
2.735792e+000	-5.028833e+000
2.796588e+000	-5.027862e+000
2.857383e+000	-5.026890e+000
2.918179e+000	-5.025919e+000
2.978974e+000	-5.024948e+000
3.039769e+000	-5.023976e+000
3.100565e+000	-5.024948e+000
3.161360e+000	-5.025919e+000
3.222155e+000	-5.025919e+000
3.282951e+000	-5.027862e+000
3.343746e+000	-5.028833e+000
3.404542e+000	-5.029805e+000
3.465337e+000	-5.030776e+000
3.526132e+000	-5.032719e+000
3.586928e+000	-5.034662e+000
3.647723e+000	-5.036604e+000
3.708518e+000	-5.037576e+000
3.769314e+000	-5.037576e+000
3.830109e+000	-5.037576e+000
3.890904e+000	-5.037576e+000
3.951700e+000	-5.039519e+000
4.012495e+000	-5.039519e+000
4.073291e+000	-5.039519e+000
4.134086e+000	-5.039519e+000
4.194881e+000	-5.038547e+000
4.255677e+000	-5.037576e+000
4.316472e+000	-5.036604e+000
4.377267e+000	-5.035633e+000
4.438063e+000	-5.035633e+000
4.498858e+000	-5.036604e+000
4.559654e+000	-5.037576e+000
4.620449e+000	-5.039519e+000
4.681244e+000	-5.040490e+000
4.742040e+000	-5.042433e+000
4.802835e+000	-5.044375e+000
4.863630e+000	-5.045347e+000
4.924426e+000	-5.047290e+000
4.985221e+000	-5.048261e+000
5.046016e+000	-5.049233e+000
5.106812e+000	-5.051175e+000
5.167607e+000	-5.052147e+000
5.228403e+000	-5.052147e+000
5.289198e+000	-5.053118e+000
5.349993e+000	-5.053118e+000
5.410789e+000	-5.052147e+000
5.471584e+000	-5.051175e+000
5.532379e+000	-5.050204e+000
5.593175e+000	-5.050204e+000
5.653970e+000	-5.050204e+000
5.714766e+000	-5.050204e+000
5.775561e+000	-5.050204e+000
5.836356e+000	-5.049233e+000
5.897152e+000	-5.050204e+000
5.957947e+000	-5.050204e+000
6.018742e+000	-5.048261e+000
6.079538e+000	-5.046318e+000
6.140333e+000	-5.045347e+000
6.201128e+000	-5.044376e+000
6.261924e+000	-5.042433e+000
6.322719e+000	-5.041461e+000
6.383515e+000	-5.040490e+000
6.444310e+000	-5.040490e+000
6.505105e+000	-5.040490e+000
6.565901e+000	-5.040490e+000
6.626696e+000	-5.038547e+000
6.687491e+000	-5.037576e+000
6.748287e+000	-5.037576e+000
6.809082e+000	-5.038547e+000
6.869878e+000	-5.039519e+000
6.930673e+000	-5.040490e+000
6.991468e+000	-5.042433e+000
7.052264e+000	-5.043404e+000
7.113059e+000	-5.044376e+000
7.173854e+000	-5.043404e+000
7.234650e+000	-5.042433e+000
7.295445e+000	-5.042433e+000
7.356241e+000	-5.042433e+000
7.417036e+000	-5.042433e+000
7.477832e+000	-5.042433e+000
7.538628e+000	-5.042433e+000
7.599423e+000	-5.042433e+000
7.660219e+000	-5.042433e+000
7.721015e+000	-5.042433e+000
7.781811e+000	-5.041461e+000
7.842607e+000	-5.040490e+000
7.903402e+000	-5.040490e+000
7.964198e+000	-5.041461e+000
8.024994e+000	-5.040490e+000
8.085790e+000	-5.040490e+000
8.146586e+000	-5.040490e+000
8.207381e+000	-5.040490e+000
8.268177e+000	-5.040490e+000
8.328973e+000	-5.040490e+000
8.389769e+000	-5.040490e+000
8.450565e+000	-5.039519e+000
8.511361e+000	-5.039519e+000
8.572156e+000	-5.039519e+000
8.632952e+000	-5.040490e+000
8.693748e+000	-5.039519e+000
8.754544e+000	-5.039519e+000
8.815340e+000	-5.039519e+000
8.876135e+000	-5.040490e+000
8.936931e+000	-5.041461e+000
8.997727e+000	-5.042433e+000
9.058523e+000	-5.042433e+000
9.119319e+000	-5.042433e+000
9.180114e+000	-5.043404e+000
9.240910e+000	-5.045347e+000
9.301706e+000	-5.047290e+000
9.362502e+000	-5.049232e+000
9.423298e+000	-5.051175e+000
9.484094e+000	-5.054089e+000
9.544889e+000	-5.056032e+000
9.605685e+000	-5.057003e+000
9.666481e+000	-5.058946e+000
9.727277e+000	-5.059917e+000
9.788073e+000	-5.062831e+000
9.848868e+000	-5.065746e+000
9.909664e+000	-5.068660e+000
9.970460e+000	-5.070603e+000
1.003126e+001	-5.071574e+000
1.009205e+001	-5.071574e+000
1.015285e+001	-5.072545e+000
1.021364e+001	-5.073517e+000
1.027444e+001	-5.074488e+000
1.033523e+001	-5.075460e+000
1.039603e+001	-5.074488e+000
1.045683e+001	-5.074488e+000
1.051762e+001	-5.073517e+000
1.057842e+001	-5.071574e+000
1.063921e+001	-5.069631e+000
1.070001e+001	-5.068660e+000
1.076081e+001	-5.068660e+000
1.082160e+001	-5.069631e+000
1.088240e+001	-5.069631e+000
1.094319e+001	-5.068660e+000
1.100399e+001	-5.068660e+000
1.106478e+001	-5.068660e+000
1.112558e+001	-5.069631e+000
1.118638e+001	-5.069631e+000
1.124717e+001	-5.068660e+000
1.130797e+001	-5.068660e+000
1.136876e+001	-5.069631e+000
1.142956e+001	-5.069631e+000
1.149036e+001	-5.069631e+000
1.155115e+001	-5.067688e+000
1.161195e+001	-5.066717e+000
1.167274e+001	-5.065746e+000
1.173354e+001	-5.064774e+000
1.179433e+001	-5.063803e+000
1.185513e+001	-5.063803e+000
1.191593e+001	-5.063803e+000
1.197672e+001	-5.064774e+000
1.203752e+001	-5.064774e+000
1.209831e+001	-5.064774e+000
1.215911e+001	-5.064774e+000
1.221991e+001	-5.064774e+000
1.228070e+001	-5.065746e+000
1.234150e+001	-5.067688e+000
1.240229e+001	-5.068660e+000
1.246309e+001	-5.069631e+000
1.252388e+001	-5.070603e+000
1.258468e+001	-5.069631e+000
1.264548e+001	-5.068660e+000
1.270627e+001	-5.067688e+000
1.276707e+001	-5.066717e+000
1.282786e+001	-5.064774e+000
1.288866e+001	-5.063803e+000
1.294945e+001	-5.062831e+000
1.301025e+001	-5.061860e+000
1.307105e+001	-5.059917e+000
1.313184e+001	-5.059917e+000
1.319264e+001	-5.060889e+000
1.325343e+001	-5.060889e+000
1.331423e+001	-5.061860e+000
1.337503e+001	-5.062831e+000
1.343582e+001	-5.064774e+000
1.349662e+001	-5.067688e+000
1.355741e+001	-5.069631e+000
1.361821e+001	-5.070603e+000
1.367900e+001	-5.071574e+000
1.373980e+001	-5.071574e+000
1.380060e+001	-5.071574e+000
1.386139e+001	-5.070603e+000
1.392219e+001	-5.068660e+000
1.398298e+001	-5.067688e+000
1.404378e+001	-5.066717e+000
1.410458e+001	-5.064774e+000
1.416537e+001	-5.061860e+000
1.422617e+001	-5.058946e+000
1.428696e+001	-5.057003e+000
1.434776e+001	-5.055061e+000
1.440855e+001	-5.053118e+000
1.446935e+001	-5.052147e+000
1.453015e+001	-5.051175e+000
1.459094e+001	-5.051175e+000
1.465174e+001	-5.052147e+000
1.471253e+001	-5.053118e+000
1.477333e+001	-5.054089e+000
1.483413e+001	-5.056032e+000
1.489492e+001	-5.057975e+000
1.495572e+001	-5.059917e+000
1.501651e+001	-5.061860e+000
1.507731e+001	-5.063803e+000
1.513810e+001	-5.065746e+000
1.519890e+001	-5.066717e+000
1.525970e+001	-5.068660e+000
1.532049e+001	-5.069631e+000
1.538129e+001	-5.069631e+000
1.544208e+001	-5.070603e+000
1.550288e+001	-5.072545e+000
1.556367e+001	-5.074488e+000
1.562447e+001	-5.076431e+000
1.568527e+001	-5.078374e+000
1.574606e+001	-5.080317e+000
1.580686e+001	-5.082260e+000
1.586765e+001	-5.084202e+000
1.592845e+001	-5.087116e+000
1.598925e+001	-5.090030e+000
1.605004e+001	-5.092945e+000
1.611084e+001	-5.095859e+000
1.617163e+001	-5.097801e+000
1.623243e+001	-5.098773e+000
1.629322e+001	-5.100715e+000
1.635402e+001	-5.102658e+000
1.641482e+001	-5.105572e+000
1.647561e+001	-5.109458e+000
1.653641e+001	-5.113344e+000
1.659720e+001	-5.118200e+000
1.665800e+001	-5.123057e+000
1.671880e+001	-5.126943e+000
1.677959e+001	-5.132771e+000
1.684039e+001	-5.139571e+000
1.690118e+001	-5.148313e+000
1.696198e+001	-5.158027e+000
1.702277e+001	-5.165798e+000
1.708357e+001	-5.174540e+000
1.714437e+001	-5.183283e+000
1.720516e+001	-5.192025e+000
1.726596e+001	-5.201739e+000
1.732675e+001	-5.211453e+000
1.738755e+001	-5.221167e+000
1.744834e+001	-5.231852e+000
1.750914e+001	-5.240594e+000
1.756994e+001	-5.248365e+000
1.763073e+001	-5.254194e+000
1.769153e+001	-5.260022e+000
1.775232e+001	-5.267793e+000
1.781312e+001	-5.275564e+000
1.787392e+001	-5.283335e+000
1.793471e+001	-5.290135e+000
1.799551e+001	-5.295963e+000
1.805630e+001	-5.300820e+000
1.811710e+001	-5.306648e+000
1.817789e+001	-5.311505e+000
1.823869e+001	-5.317333e+000
1.829949e+001	-5.323161e+000
1.836028e+001	-5.328990e+000
1.842108e+001	-5.333847e+000
1.848187e+001	-5.339675e+000
1.854267e+001	-5.345503e+000
1.860347e+001	-5.350360e+000
1.866426e+001	-5.356188e+000
1.872506e+001	-5.362988e+000
1.878585e+001	-5.369788e+000
1.884665e+001	-5.375616e+000
1.890744e+001	-5.380473e+000
1.896824e+001	-5.386301e+000
1.902904e+001	-5.393101e+000
1.908983e+001	-5.399901e+000
1.915063e+001	-5.406700e+000
1.921142e+001	-5.412528e+000
1.927222e+001	-5.417385e+000
1.933302e+001	-5.423213e+000
1.939381e+001	-5.430013e+000
1.945461e+001	-5.434870e+000
1.951540e+001	-5.440699e+000
1.957620e+001	-5.446527e+000
1.963699e+001	-5.453326e+000
1.969779e+001	-5.459154e+000
1.975859e+001	-5.464983e+000
1.981938e+001	-5.470811e+000
1.988018e+001	-5.477611e+000
1.994097e+001	-5.483439e+000
2.000177e+001	-5.489267e+000
2.006256e+001	-5.495095e+000
2.012336e+001	-5.498981e+000
2.018416e+001	-5.503838e+000
2.024495e+001	-5.507724e+000
2.030575e+001	-5.512581e+000
2.036654e+001	-5.517437e+000
2.042734e+001	-5.521323e+000
2.048814e+001	-5.525208e+000
2.054893e+001	-5.530065e+000
2.060973e+001	-5.533951e+000
2.067052e+001	-5.538808e+000
2.073132e+001	-5.543665e+000
2.079211e+001	-5.547550e+000
2.085291e+001	-5.551436e+000
2.091371e+001	-5.556292e+000
2.097450e+001	-5.563092e+000
2.103530e+001	-5.568920e+000
2.109609e+001	-5.573777e+000
2.115689e+001	-5.579606e+000
2.121769e+001	-5.585434e+000
2.127848e+001	-5.590291e+000
2.133928e+001	-5.595148e+000
2.140007e+001	-5.600004e+000
2.146087e+001	-5.603890e+000
2.152166e+001	-5.608747e+000
2.158246e+001	-5.612633e+000
2.164326e+001	-5.615547e+000
2.170405e+001	-5.617490e+000
2.176485e+001	-5.619432e+000
2.182564e+001	-5.622346e+000
2.188644e+001	-5.624289e+000
2.194724e+001	-5.625260e+000
2.200803e+001	-5.626232e+000
2.206883e+001	-5.626232e+000
2.212962e+001	-5.624289e+000
2.219042e+001	-5.623318e+000
2.225121e+001	-5.622346e+000
2.231201e+001	-5.621375e+000
2.237281e+001	-5.620404e+000
2.243360e+001	-5.617490e+000
2.249440e+001	-5.615547e+000
2.255519e+001	-5.612633e+000
2.261599e+001	-5.608747e+000
2.267678e+001	-5.604861e+000
2.273758e+001	-5.601947e+000
2.279838e+001	-5.598062e+000
2.285917e+001	-5.594176e+000
2.291997e+001	-5.590291e+000
2.298076e+001	-5.587377e+000
2.304156e+001	-5.585434e+000
2.310236e+001	-5.581549e+000
2.316315e+001	-5.577663e+000
2.322395e+001	-5.574749e+000
2.328474e+001	-5.573777e+000
2.334554e+001	-5.569892e+000
2.340633e+001	-5.564063e+000
2.346713e+001	-5.556292e+000
2.352793e+001	-5.552407e+000
2.358872e+001	-5.547550e+000
2.364952e+001	-5.537836e+000
2.371031e+001	-5.522294e+000
2.377111e+001	-5.508695e+000
2.383191e+001	-5.495095e+000
2.389270e+001	-5.480525e+000
2.395350e+001	-5.461097e+000
2.401429e+001	-5.436813e+000
2.407509e+001	-5.414471e+000
2.413588e+001	-5.391158e+000
2.419668e+001	-5.365902e+000
2.425748e+001	-5.339675e+000
2.431827e+001	-5.311505e+000
2.437907e+001	-5.280421e+000
2.443986e+001	-5.250308e+000
2.450066e+001	-5.219224e+000
2.456146e+001	-5.189111e+000
2.462225e+001	-5.153170e+000
2.468305e+001	-5.112372e+000
2.474384e+001	-5.072545e+000
2.480464e+001	-5.036604e+000
2.486543e+001	-4.997749e+000
2.492623e+001	-4.954037e+000
2.498703e+001	-4.902554e+000
2.504782e+001	-4.851071e+000
2.510862e+001	-4.811244e+000
2.516941e+001	-4.766561e+000
2.523021e+001	-4.712164e+000
2.529100e+001	-4.657766e+000
2.535180e+001	-4.606283e+000
2.541260e+001	-4.560628e+000
2.547339e+001	-4.513030e+000
2.553419e+001	-4.461548e+000
2.559498e+001	-4.410064e+000
2.565578e+001	-4.364409e+000
2.571658e+001	-4.319726e+000
2.577737e+001	-4.278928e+000
2.583817e+001	-4.233273e+000
2.589896e+001	-4.184704e+000
2.595976e+001	-4.139050e+000
2.602055e+001	-4.093395e+000
2.608135e+001	-4.053568e+000
2.614215e+001	-4.011798e+000
2.620294e+001	-3.960316e+000
2.626374e+001	-3.905918e+000
2.632453e+001	-3.859292e+000
2.638533e+001	-3.810723e+000
2.644613e+001	-3.760211e+000
2.650692e+001	-3.699014e+000
2.656772e+001	-3.636846e+000
2.662851e+001	-3.583420e+000
2.668931e+001	-3.529023e+000
2.675010e+001	-3.469769e+000
2.681090e+001	-3.408572e+000
2.687170e+001	-3.348346e+000
2.693249e+001	-3.292006e+000
2.699329e+001	-3.241494e+000
2.705408e+001	-3.189040e+000
2.711488e+001	-3.135614e+000
2.717568e+001	-3.080245e+000
2.723647e+001	-3.026819e+000
2.729727e+001	-2.980193e+000
2.735806e+001	-2.937453e+000
2.741886e+001	-2.889855e+000
2.747965e+001	-2.835458e+000
2.754045e+001	-2.780089e+000
2.760125e+001	-2.733463e+000
2.766204e+001	-2.691694e+000
2.772284e+001	-2.634382e+000
2.778363e+001	-2.568328e+000
2.784443e+001	-2.509074e+000
2.790522e+001	-2.459534e+000
2.796602e+001	-2.406108e+000
2.802682e+001	-2.343939e+000
2.808761e+001	-2.273029e+000
2.814841e+001	-2.210860e+000
2.820920e+001	-2.160349e+000
2.827000e+001	-2.101095e+000
2.833080e+001	-2.035041e+000
2.839159e+001	-1.972872e+000
2.845239e+001	-1.916532e+000
2.851318e+001	-1.866021e+000
2.857398e+001	-1.812595e+000
2.863477e+001	-1.758197e+000
2.869557e+001	-1.706714e+000
2.875637e+001	-1.648432e+000
2.881716e+001	-1.596948e+000
2.887796e+001	-1.551294e+000
2.893875e+001	-1.500782e+000
2.899955e+001	-1.446385e+000
2.906035e+001	-1.390045e+000
2.912114e+001	-1.332733e+000
2.918194e+001	-1.281250e+000
2.924273e+001	-1.224910e+000
2.930353e+001	-1.158856e+000
2.936432e+001	-1.092802e+000
2.942512e+001	-1.033548e+000
2.948592e+001	-9.752653e-001
2.954671e+001	-9.140684e-001
2.960751e+001	-8.441290e-001
2.966830e+001	-7.771038e-001
2.972910e+001	-7.197924e-001
2.978989e+001	-6.585955e-001
2.985069e+001	-6.003127e-001
2.991148e+001	-5.439727e-001
2.997228e+001	-4.847185e-001
3.003307e+001	-4.274071e-001
3.009387e+001	-3.759240e-001
3.015466e+001	-3.273550e-001
3.021545e+001	-2.787860e-001
3.027625e+001	-2.214746e-001
3.033704e+001	-1.670773e-001
3.039784e+001	-1.204511e-001
3.045863e+001	-7.091073e-002
3.051942e+001	-1.651346e-002
3.058022e+001	4.371209e-002
3.064101e+001	1.068518e-001
3.070181e+001	1.602777e-001
3.076260e+001	1.981615e-001
3.082339e+001	3.380402e-001
3.088419e+001	4.079795e-001
3.094498e+001	4.546057e-001
3.100578e+001	4.662623e-001
3.106657e+001	5.828279e-001
