    nm         	nm
0.000000e+000	-3.805825e+000
4.559404e-002	-3.793666e+000
9.118807e-002	-3.793666e+000
1.367821e-001	-3.805825e+000
1.823761e-001	-3.805825e+000
2.279702e-001	-3.805825e+000
2.735642e-001	-3.816971e+000
3.191582e-001	-3.818998e+000
3.647523e-001	-3.822037e+000
4.103463e-001	-3.825077e+000
4.559403e-001	-3.826091e+000
5.015344e-001	-3.828117e+000
5.471284e-001	-3.829130e+000
5.927224e-001	-3.830144e+000
6.383165e-001	-3.830144e+000
6.839105e-001	-3.830144e+000
7.295045e-001	-3.829130e+000
7.750985e-001	-3.830144e+000
8.206926e-001	-3.829130e+000
8.662866e-001	-3.830144e+000
9.118806e-001	-3.832170e+000
9.574747e-001	-3.833184e+000
1.003069e+000	-3.834197e+000
1.048663e+000	-3.834197e+000
1.094257e+000	-3.836223e+000
1.139851e+000	-3.837237e+000
1.185445e+000	-3.838250e+000
1.231039e+000	-3.839263e+000
1.276633e+000	-3.840277e+000
1.322227e+000	-3.840277e+000
1.367821e+000	-3.841290e+000
1.413415e+000	-3.842303e+000
1.459010e+000	-3.841290e+000
1.504604e+000	-3.842303e+000
1.550198e+000	-3.843316e+000
1.595792e+000	-3.845343e+000
1.641386e+000	-3.847369e+000
1.686980e+000	-3.849396e+000
1.732574e+000	-3.851422e+000
1.778168e+000	-3.852436e+000
1.823762e+000	-3.853449e+000
1.869356e+000	-3.854462e+000
1.914950e+000	-3.854462e+000
1.960544e+000	-3.853449e+000
2.006138e+000	-3.853449e+000
2.051732e+000	-3.851422e+000
2.097326e+000	-3.851422e+000
2.142920e+000	-3.850409e+000
2.188514e+000	-3.847369e+000
2.234108e+000	-3.844329e+000
2.279702e+000	-3.842303e+000
2.325296e+000	-3.840277e+000
2.370890e+000	-3.839263e+000
2.416484e+000	-3.838250e+000
2.462078e+000	-3.838250e+000
2.507672e+000	-3.838250e+000
2.553266e+000	-3.838250e+000
2.598860e+000	-3.839263e+000
2.644454e+000	-3.839263e+000
2.690048e+000	-3.839263e+000
2.735642e+000	-3.840277e+000
2.781236e+000	-3.841290e+000
2.826830e+000	-3.841290e+000
2.872424e+000	-3.842303e+000
2.918018e+000	-3.842303e+000
2.963612e+000	-3.843316e+000
3.009206e+000	-3.843316e+000
3.054800e+000	-3.844329e+000
3.100393e+000	-3.845343e+000
3.145987e+000	-3.846356e+000
3.191581e+000	-3.848383e+000
3.237175e+000	-3.850409e+000
3.282769e+000	-3.852436e+000
3.328363e+000	-3.854462e+000
3.373957e+000	-3.856488e+000
3.419551e+000	-3.857502e+000
3.465145e+000	-3.859528e+000
3.510739e+000	-3.860542e+000
3.556333e+000	-3.862568e+000
3.601927e+000	-3.863581e+000
3.647521e+000	-3.864595e+000
3.693115e+000	-3.865608e+000
3.738709e+000	-3.865608e+000
3.784304e+000	-3.865608e+000
3.829898e+000	-3.865608e+000
3.875492e+000	-3.866621e+000
3.921086e+000	-3.868648e+000
3.966680e+000	-3.870674e+000
4.012275e+000	-3.871687e+000
4.057869e+000	-3.872701e+000
4.103463e+000	-3.873714e+000
4.149057e+000	-3.875741e+000
4.194651e+000	-3.876754e+000
4.240245e+000	-3.878780e+000
4.285840e+000	-3.881820e+000
4.331434e+000	-3.883847e+000
4.377028e+000	-3.885873e+000
4.422622e+000	-3.887900e+000
4.468216e+000	-3.888913e+000
4.513811e+000	-3.890940e+000
4.559405e+000	-3.892966e+000
4.604999e+000	-3.894993e+000
4.650593e+000	-3.897019e+000
4.696187e+000	-3.898033e+000
4.741782e+000	-3.900059e+000
4.787376e+000	-3.901072e+000
4.832970e+000	-3.902085e+000
4.878564e+000	-3.903099e+000
4.924158e+000	-3.904112e+000
4.969753e+000	-3.905125e+000
5.015347e+000	-3.906139e+000
5.060941e+000	-3.908165e+000
5.106535e+000	-3.909178e+000
5.152129e+000	-3.910192e+000
5.197724e+000	-3.912218e+000
5.243318e+000	-3.913232e+000
5.288912e+000	-3.914244e+000
5.334506e+000	-3.915258e+000
5.380100e+000	-3.915258e+000
5.425695e+000	-3.918298e+000
5.471289e+000	-3.921337e+000
5.516883e+000	-3.922351e+000
5.562477e+000	-3.923364e+000
5.608071e+000	-3.923364e+000
5.653666e+000	-3.924377e+000
5.699260e+000	-3.925391e+000
5.744854e+000	-3.925391e+000
5.790448e+000	-3.927417e+000
5.836042e+000	-3.929443e+000
5.881637e+000	-3.930457e+000
5.927231e+000	-3.932483e+000
5.972825e+000	-3.932483e+000
6.018419e+000	-3.933497e+000
6.064013e+000	-3.935523e+000
6.109607e+000	-3.937550e+000
6.155202e+000	-3.939576e+000
6.200796e+000	-3.941603e+000
6.246390e+000	-3.943629e+000
6.291984e+000	-3.945656e+000
6.337578e+000	-3.947682e+000
6.383173e+000	-3.950722e+000
6.428767e+000	-3.954775e+000
6.474361e+000	-3.958828e+000
6.519955e+000	-3.962881e+000
6.565549e+000	-3.966934e+000
6.611144e+000	-3.969974e+000
6.656738e+000	-3.973014e+000
6.702332e+000	-3.977067e+000
6.747926e+000	-3.981120e+000
6.793520e+000	-3.986186e+000
6.839115e+000	-3.990239e+000
6.884709e+000	-3.993279e+000
6.930303e+000	-3.995306e+000
6.975897e+000	-3.996319e+000
7.021491e+000	-3.996319e+000
7.067086e+000	-3.997332e+000
7.112680e+000	-3.996319e+000
7.158274e+000	-3.998346e+000
7.203868e+000	-3.999359e+000
7.249462e+000	-3.998346e+000
7.295057e+000	-3.998346e+000
7.340651e+000	-3.997332e+000
7.386245e+000	-3.996319e+000
7.431839e+000	-3.997332e+000
7.477433e+000	-3.998346e+000
7.523027e+000	-4.001385e+000
7.568620e+000	-4.004425e+000
7.614214e+000	-4.007465e+000
7.659808e+000	-4.012531e+000
7.705402e+000	-4.015571e+000
7.750995e+000	-4.019624e+000
7.796589e+000	-4.023677e+000
7.842183e+000	-4.027730e+000
7.887777e+000	-4.032796e+000
7.933370e+000	-4.037863e+000
7.978964e+000	-4.041916e+000
8.024558e+000	-4.044956e+000
8.070152e+000	-4.047996e+000
8.115745e+000	-4.051036e+000
8.161339e+000	-4.053062e+000
8.206933e+000	-4.054075e+000
8.252527e+000	-4.056102e+000
8.298120e+000	-4.058128e+000
8.343714e+000	-4.061168e+000
8.389308e+000	-4.063195e+000
8.434902e+000	-4.064208e+000
8.480495e+000	-4.067248e+000
8.526089e+000	-4.069274e+000
8.571683e+000	-4.072314e+000
8.617277e+000	-4.075354e+000
8.662870e+000	-4.078394e+000
8.708464e+000	-4.080420e+000
8.754058e+000	-4.083460e+000
8.799652e+000	-4.085487e+000
8.845245e+000	-4.087513e+000
8.890839e+000	-4.089540e+000
8.936433e+000	-4.092580e+000
8.982027e+000	-4.094606e+000
9.027620e+000	-4.096632e+000
9.073214e+000	-4.098659e+000
9.118808e+000	-4.101699e+000
9.164402e+000	-4.103725e+000
9.209995e+000	-4.106765e+000
9.255589e+000	-4.110818e+000
9.301183e+000	-4.113858e+000
9.346777e+000	-4.115885e+000
9.392370e+000	-4.118924e+000
9.437964e+000	-4.122978e+000
9.483558e+000	-4.126017e+000
9.529152e+000	-4.130070e+000
9.574745e+000	-4.131083e+000
9.620339e+000	-4.135137e+000
9.665933e+000	-4.137163e+000
9.711527e+000	-4.136150e+000
9.757120e+000	-4.135137e+000
9.802714e+000	-4.134123e+000
9.848308e+000	-4.135137e+000
9.893902e+000	-4.137163e+000
9.939495e+000	-4.133110e+000
9.985089e+000	-4.132097e+000
1.003068e+001	-4.133110e+000
1.007628e+001	-4.131083e+000
1.012187e+001	-4.130070e+000
1.016746e+001	-4.127030e+000
1.021306e+001	-4.129057e+000
1.025865e+001	-4.134123e+000
1.030425e+001	-4.134123e+000
1.034984e+001	-4.132097e+000
1.039543e+001	-4.129057e+000
1.044103e+001	-4.128044e+000
1.048662e+001	-4.126017e+000
1.053221e+001	-4.115885e+000
1.057781e+001	-4.106765e+000
1.062340e+001	-4.096632e+000
1.066900e+001	-4.081433e+000
1.071459e+001	-4.060155e+000
1.076018e+001	-4.038876e+000
1.080578e+001	-4.020638e+000
1.085137e+001	-3.998346e+000
1.089696e+001	-3.972001e+000
1.094256e+001	-3.947682e+000
1.098815e+001	-3.929443e+000
1.103375e+001	-3.916271e+000
1.107934e+001	-3.897019e+000
1.112493e+001	-3.873714e+000
1.117053e+001	-3.864594e+000
1.121612e+001	-3.865608e+000
1.126171e+001	-3.862568e+000
1.130731e+001	-3.847369e+000
1.135290e+001	-3.833184e+000
1.139850e+001	-3.834197e+000
1.144409e+001	-3.835210e+000
1.148968e+001	-3.823051e+000
1.153528e+001	-3.802785e+000
1.158087e+001	-3.782520e+000
1.162646e+001	-3.766308e+000
1.167206e+001	-3.743003e+000
1.171765e+001	-3.703485e+000
1.176325e+001	-3.661941e+000
1.180884e+001	-3.621411e+000
1.185443e+001	-3.576827e+000
1.190003e+001	-3.531230e+000
1.194562e+001	-3.483607e+000
1.199121e+001	-3.436996e+000
1.203681e+001	-3.384307e+000
1.208240e+001	-3.334657e+000
1.212800e+001	-3.300206e+000
1.217359e+001	-3.268795e+000
1.221918e+001	-3.233330e+000
1.226478e+001	-3.197866e+000
1.231037e+001	-3.172534e+000
1.235596e+001	-3.159362e+000
1.240156e+001	-3.146189e+000
1.244715e+001	-3.123898e+000
1.249275e+001	-3.098566e+000
1.253834e+001	-3.081340e+000
1.258393e+001	-3.073234e+000
1.262953e+001	-3.049929e+000
1.267512e+001	-3.012438e+000
1.272071e+001	-2.976974e+000
1.276631e+001	-2.943536e+000
1.281190e+001	-2.906045e+000
1.285750e+001	-2.854369e+000
1.290309e+001	-2.801679e+000
1.294868e+001	-2.753042e+000
1.299428e+001	-2.697313e+000
1.303987e+001	-2.639557e+000
1.308546e+001	-2.588893e+000
1.313106e+001	-2.541270e+000
1.317665e+001	-2.489593e+000
1.322225e+001	-2.436904e+000
1.326784e+001	-2.395360e+000
1.331343e+001	-2.366988e+000
1.335903e+001	-2.335577e+000
1.340462e+001	-2.299099e+000
1.345021e+001	-2.266675e+000
1.349581e+001	-2.242357e+000
1.354140e+001	-2.226144e+000
1.358700e+001	-2.199799e+000
1.363259e+001	-2.164335e+000
1.367818e+001	-2.133937e+000
1.372378e+001	-2.109619e+000
1.376937e+001	-2.074154e+000
1.381496e+001	-2.027544e+000
1.386056e+001	-1.981947e+000
1.390615e+001	-1.936350e+000
1.395175e+001	-1.879608e+000
1.399734e+001	-1.821851e+000
1.404293e+001	-1.769161e+000
1.408853e+001	-1.714445e+000
1.413412e+001	-1.651623e+000
1.417971e+001	-1.585761e+000
1.422531e+001	-1.534084e+000
1.427090e+001	-1.489500e+000
1.431650e+001	-1.443903e+000
1.436209e+001	-1.389187e+000
1.440768e+001	-1.340550e+000
1.445328e+001	-1.313192e+000
1.449887e+001	-1.293940e+000
1.454446e+001	-1.258476e+000
1.459006e+001	-1.219972e+000
1.463565e+001	-1.193627e+000
1.468125e+001	-1.177414e+000
1.472684e+001	-1.152083e+000
1.477243e+001	-1.115605e+000
1.481803e+001	-1.078114e+000
1.486362e+001	-1.041637e+000
1.490922e+001	-1.004146e+000
1.495481e+001	-9.595624e-001
1.500040e+001	-9.109257e-001
1.504600e+001	-8.531695e-001
1.509159e+001	-7.913604e-001
1.513718e+001	-7.356307e-001
1.518278e+001	-6.819277e-001
1.522837e+001	-6.241715e-001
1.527397e+001	-5.583093e-001
1.531956e+001	-4.914338e-001
1.536515e+001	-4.417837e-001
1.541075e+001	-4.032797e-001
1.545634e+001	-3.607225e-001
1.550193e+001	-3.090460e-001
1.554753e+001	-2.634490e-001
1.559312e+001	-2.401439e-001
1.563872e+001	-2.188653e-001
1.568431e+001	-1.844143e-001
1.572990e+001	-1.509766e-001
1.577550e+001	-1.246317e-001
1.582109e+001	-1.023398e-001
1.586668e+001	-7.396838e-002
1.591228e+001	-3.749082e-002
1.595787e+001	4.053062e-003
1.600347e+001	4.559695e-002
1.604906e+001	9.018063e-002
1.609465e+001	1.378041e-001
1.614025e+001	1.925204e-001
1.618584e+001	2.502766e-001
1.623143e+001	3.141123e-001
1.627703e+001	3.809878e-001
1.632262e+001	4.346909e-001
1.636822e+001	4.873807e-001
1.641381e+001	5.491899e-001
1.645940e+001	6.099858e-001
1.650500e+001	6.586225e-001
1.655059e+001	6.981399e-001
1.659618e+001	7.417104e-001
1.664178e+001	7.842675e-001
1.668737e+001	8.187185e-001
1.673297e+001	8.481032e-001
1.677856e+001	8.754614e-001
1.682415e+001	9.078859e-001
1.686975e+001	9.392971e-001
1.691534e+001	9.676685e-001
1.696093e+001	1.001106e+000
1.700653e+001	1.041637e+000
1.705212e+001	1.082168e+000
1.709772e+001	1.119658e+000
1.714331e+001	1.166269e+000
1.718890e+001	1.234157e+000
1.723450e+001	1.295967e+000
1.728009e+001	1.343590e+000
1.732568e+001	1.401346e+000
1.737128e+001	1.475315e+000
1.741687e+001	1.550296e+000
1.746247e+001	1.606026e+000
1.750806e+001	1.654663e+000
1.755365e+001	1.715458e+000
1.759925e+001	1.776254e+000
1.764484e+001	1.824891e+000
1.769043e+001	1.858329e+000
1.773603e+001	1.890753e+000
1.778162e+001	1.929257e+000
1.782722e+001	1.964722e+000
1.787281e+001	1.991067e+000
1.791840e+001	2.015385e+000
1.796400e+001	2.046796e+000
1.800959e+001	2.077194e+000
1.805518e+001	2.103539e+000
1.810078e+001	2.145083e+000
1.814637e+001	2.195746e+000
1.819197e+001	2.241343e+000
1.823756e+001	2.284914e+000
1.828315e+001	2.337603e+000
1.832875e+001	2.411572e+000
1.837434e+001	2.479461e+000
1.841993e+001	2.529111e+000
1.846553e+001	2.585854e+000
1.851112e+001	2.656782e+000
1.855672e+001	2.726698e+000
1.860231e+001	2.782427e+000
1.864790e+001	2.818905e+000
1.869350e+001	2.864502e+000
1.873909e+001	2.920231e+000
1.878468e+001	2.959748e+000
1.883028e+001	2.986093e+000
1.887587e+001	3.011425e+000
1.892147e+001	3.044863e+000
1.896706e+001	3.075261e+000
1.901265e+001	3.096539e+000
1.905825e+001	3.124911e+000
1.910384e+001	3.165441e+000
1.914943e+001	3.201919e+000
1.919503e+001	3.236370e+000
1.924062e+001	3.283994e+000
1.928622e+001	3.343776e+000
1.933181e+001	3.402546e+000
1.937740e+001	3.454222e+000
1.942300e+001	3.510965e+000
1.946859e+001	3.581893e+000
1.951418e+001	3.659915e+000
1.955978e+001	3.717671e+000
1.960537e+001	3.764281e+000
1.965097e+001	3.828117e+000
1.969656e+001	3.891953e+000
1.974215e+001	3.943629e+000
1.978775e+001	3.979093e+000
1.983334e+001	4.015571e+000
1.987893e+001	4.060155e+000
1.992453e+001	4.091566e+000
1.997012e+001	4.113858e+000
2.001572e+001	4.146282e+000
2.006131e+001	4.177694e+000
2.010690e+001	4.204038e+000
2.015250e+001	4.230383e+000
2.019809e+001	4.262808e+000
2.024368e+001	4.310431e+000
2.028928e+001	4.352989e+000
2.033487e+001	4.388453e+000
2.038047e+001	4.438103e+000
2.042606e+001	4.507005e+000
2.047165e+001	4.576920e+000
2.051725e+001	4.630623e+000
2.056284e+001	4.679260e+000
2.060843e+001	4.748162e+000
2.065403e+001	4.828210e+000
2.069962e+001	4.889006e+000
2.074522e+001	4.932577e+000
2.079081e+001	4.986279e+000
2.083640e+001	5.044035e+000
2.088200e+001	5.089633e+000
2.092759e+001	5.126110e+000
2.097318e+001	5.158534e+000
2.101878e+001	5.189946e+000
2.106437e+001	5.223384e+000
2.110997e+001	5.249729e+000
2.115556e+001	5.281140e+000
2.120115e+001	5.312551e+000
2.124675e+001	5.340922e+000
2.129234e+001	5.374360e+000
2.133793e+001	5.414891e+000
2.138353e+001	5.469607e+000
2.142912e+001	5.524323e+000
2.147472e+001	5.562828e+000
2.152031e+001	5.614504e+000
2.156590e+001	5.691512e+000
2.161150e+001	5.759401e+000
2.165709e+001	5.818170e+000
2.170268e+001	5.872887e+000
2.174828e+001	5.939762e+000
2.179387e+001	6.009678e+000
2.183947e+001	6.064394e+000
2.188506e+001	6.108978e+000
2.193065e+001	6.152548e+000
2.197625e+001	6.198145e+000
2.202184e+001	6.237662e+000
2.206743e+001	6.270087e+000
2.211303e+001	6.296432e+000
2.215862e+001	6.327843e+000
2.220422e+001	6.358241e+000
2.224981e+001	6.380533e+000
2.229540e+001	6.410931e+000
2.234100e+001	6.449435e+000
2.238659e+001	6.479833e+000
2.243218e+001	6.514284e+000
2.247778e+001	6.561907e+000
2.252337e+001	6.620676e+000
2.256897e+001	6.681473e+000
2.261456e+001	6.733149e+000
2.266015e+001	6.794958e+000
2.270575e+001	6.863860e+000
2.275134e+001	6.927696e+000
2.279693e+001	6.988492e+000
2.284253e+001	7.051315e+000
2.288812e+001	7.115150e+000
2.293372e+001	7.173920e+000
2.297931e+001	7.224583e+000
2.302490e+001	7.269167e+000
2.307050e+001	7.490058e+000
2.311609e+001	7.477899e+000
2.316168e+001	7.295512e+000
2.320728e+001	7.368467e+000
2.325287e+001	7.538695e+000
2.329847e+001	7.575172e+000
