    nm         	nm
2.329847e+001	7.392785e+000
2.325287e+001	7.295512e+000
2.320728e+001	7.441422e+000
2.316168e+001	7.453581e+000
2.311609e+001	7.198238e+000
2.307050e+001	7.088806e+000
2.302490e+001	7.241808e+000
2.297931e+001	7.214450e+000
2.293372e+001	7.188105e+000
2.288812e+001	7.158721e+000
2.284253e+001	7.127309e+000
2.279693e+001	7.107044e+000
2.275134e+001	7.086779e+000
2.270575e+001	7.059421e+000
2.266015e+001	7.031050e+000
2.261456e+001	6.997611e+000
2.256897e+001	6.955054e+000
2.252337e+001	6.909457e+000
2.247778e+001	6.866900e+000
2.243218e+001	6.824343e+000
2.238659e+001	6.764560e+000
2.234100e+001	6.691605e+000
2.229540e+001	6.631823e+000
2.224981e+001	6.585212e+000
2.220422e+001	6.525430e+000
2.215862e+001	6.452475e+000
2.211303e+001	6.387626e+000
2.206743e+001	6.343042e+000
2.202184e+001	6.304538e+000
2.197625e+001	6.256915e+000
2.193065e+001	6.204225e+000
2.188506e+001	6.173827e+000
2.183947e+001	6.152548e+000
2.179387e+001	6.122150e+000
2.174828e+001	6.086686e+000
2.170268e+001	6.057301e+000
2.165709e+001	6.036022e+000
2.161150e+001	6.007651e+000
2.156590e+001	5.965094e+000
2.152031e+001	5.929630e+000
2.147472e+001	5.899232e+000
2.142912e+001	5.850595e+000
2.138353e+001	5.787772e+000
2.133793e+001	5.731029e+000
2.129234e+001	5.684419e+000
2.124675e+001	5.629703e+000
2.120115e+001	5.558774e+000
2.115556e+001	5.488859e+000
2.110997e+001	5.438196e+000
2.106437e+001	5.388546e+000
2.101878e+001	5.327750e+000
2.097318e+001	5.266954e+000
2.092759e+001	5.219331e+000
2.088200e+001	5.186906e+000
2.083640e+001	5.148402e+000
2.079081e+001	5.103818e+000
2.074522e+001	5.072407e+000
2.069962e+001	5.049102e+000
2.065403e+001	5.017691e+000
2.060843e+001	4.984253e+000
2.056284e+001	4.959935e+000
2.051725e+001	4.932576e+000
2.047165e+001	4.893059e+000
2.042606e+001	4.843409e+000
2.038047e+001	4.803892e+000
2.033487e+001	4.768427e+000
2.028928e+001	4.716751e+000
2.024368e+001	4.646835e+000
2.019809e+001	4.584013e+000
2.015250e+001	4.535377e+000
2.010690e+001	4.482687e+000
2.006131e+001	4.412771e+000
2.001572e+001	4.334750e+000
1.997012e+001	4.285100e+000
1.992453e+001	4.246596e+000
1.987893e+001	4.193906e+000
1.983334e+001	4.137163e+000
1.978775e+001	4.094606e+000
1.974215e+001	4.064208e+000
1.969656e+001	4.033810e+000
1.965097e+001	3.998346e+000
1.960537e+001	3.966934e+000
1.955978e+001	3.944642e+000
1.951418e+001	3.913232e+000
1.946859e+001	3.879793e+000
1.942300e+001	3.851422e+000
1.937740e+001	3.820011e+000
1.933181e+001	3.777454e+000
1.928622e+001	3.724764e+000
1.924062e+001	3.671061e+000
1.919503e+001	3.630530e+000
1.914943e+001	3.577840e+000
1.910384e+001	3.505898e+000
1.905825e+001	3.441050e+000
1.901265e+001	3.384307e+000
1.896706e+001	3.332630e+000
1.892147e+001	3.268795e+000
1.887587e+001	3.197866e+000
1.883028e+001	3.146189e+000
1.878468e+001	3.106672e+000
1.873909e+001	3.057022e+000
1.869350e+001	3.011425e+000
1.864790e+001	2.973934e+000
1.860231e+001	2.944549e+000
1.855672e+001	2.915165e+000
1.851112e+001	2.880714e+000
1.846553e+001	2.855382e+000
1.841993e+001	2.833090e+000
1.837434e+001	2.799653e+000
1.832875e+001	2.758109e+000
1.828315e+001	2.722644e+000
1.823756e+001	2.693260e+000
1.819197e+001	2.652729e+000
1.814637e+001	2.593960e+000
1.810078e+001	2.535190e+000
1.805518e+001	2.488580e+000
1.800959e+001	2.435890e+000
1.796400e+001	2.368001e+000
1.791840e+001	2.302139e+000
1.787281e+001	2.246410e+000
1.782722e+001	2.193720e+000
1.778162e+001	2.140017e+000
1.773603e+001	2.086314e+000
1.769043e+001	2.032611e+000
1.764484e+001	1.990053e+000
1.759925e+001	1.949523e+000
1.755365e+001	1.915072e+000
1.750806e+001	1.886700e+000
1.746247e+001	1.853263e+000
1.741687e+001	1.817798e+000
1.737128e+001	1.784361e+000
1.732568e+001	1.760042e+000
1.728009e+001	1.737750e+000
1.723450e+001	1.697220e+000
1.718890e+001	1.646556e+000
1.714331e+001	1.608052e+000
1.709772e+001	1.574615e+000
1.705212e+001	1.525978e+000
1.700653e+001	1.460116e+000
1.696093e+001	1.396280e+000
1.691534e+001	1.343590e+000
1.686975e+001	1.286847e+000
1.682415e+001	1.220985e+000
1.677856e+001	1.151070e+000
1.673297e+001	1.088247e+000
1.668737e+001	1.032518e+000
1.664178e+001	9.828676e-001
1.659618e+001	9.362573e-001
1.655059e+001	8.845807e-001
1.650500e+001	8.399971e-001
1.645940e+001	8.045328e-001
1.641381e+001	7.761614e-001
1.636822e+001	7.518430e-001
1.632262e+001	7.224583e-001
1.627703e+001	6.859807e-001
1.623143e+001	6.576093e-001
1.618584e+001	6.363307e-001
1.614025e+001	6.079593e-001
1.609465e+001	5.623623e-001
1.604906e+001	5.116991e-001
1.600347e+001	4.721817e-001
1.595787e+001	4.286113e-001
1.591228e+001	3.698419e-001
1.586668e+001	3.039796e-001
1.582109e+001	2.441970e-001
1.577550e+001	1.884674e-001
1.572990e+001	1.296980e-001
1.568431e+001	6.484899e-002
1.563872e+001	4.053063e-003
1.559312e+001	-4.863674e-002
1.554753e+001	-1.003133e-001
1.550193e+001	-1.540164e-001
1.545634e+001	-1.945470e-001
1.541075e+001	-2.219051e-001
1.536515e+001	-2.593960e-001
1.531956e+001	-3.019531e-001
1.527397e+001	-3.333643e-001
1.522837e+001	-3.526164e-001
1.518278e+001	-3.789613e-001
1.513718e+001	-4.194919e-001
1.509159e+001	-4.549562e-001
1.504600e+001	-4.843409e-001
1.500040e+001	-5.198052e-001
1.495481e+001	-5.654021e-001
1.490922e+001	-6.211318e-001
1.486362e+001	-6.748348e-001
1.481803e+001	-7.224583e-001
1.477243e+001	-7.781879e-001
1.472684e+001	-8.399971e-001
1.468125e+001	-8.987665e-001
1.463565e+001	-9.555093e-001
1.459006e+001	-1.016305e+000
1.454447e+001	-1.076088e+000
1.449887e+001	-1.123711e+000
1.445328e+001	-1.165255e+000
1.440768e+001	-1.213892e+000
1.436209e+001	-1.263542e+000
1.431650e+001	-1.295967e+000
1.427090e+001	-1.318258e+000
1.422531e+001	-1.350683e+000
1.417972e+001	-1.394253e+000
1.413412e+001	-1.427691e+000
1.408853e+001	-1.446943e+000
1.404293e+001	-1.470248e+000
1.399734e+001	-1.512805e+000
1.395175e+001	-1.558402e+000
1.390615e+001	-1.593867e+000
1.386056e+001	-1.630344e+000
1.381497e+001	-1.678981e+000
1.376937e+001	-1.735724e+000
1.372378e+001	-1.793480e+000
1.367818e+001	-1.847183e+000
1.363259e+001	-1.905952e+000
1.358700e+001	-1.966748e+000
1.354140e+001	-2.021465e+000
1.349581e+001	-2.076181e+000
1.345022e+001	-2.133937e+000
1.340462e+001	-2.187640e+000
1.335903e+001	-2.230197e+000
1.331343e+001	-2.264648e+000
1.326784e+001	-2.306192e+000
1.322225e+001	-2.351789e+000
1.317665e+001	-2.380161e+000
1.313106e+001	-2.400426e+000
1.308547e+001	-2.425758e+000
1.303987e+001	-2.465275e+000
1.299428e+001	-2.503779e+000
1.294868e+001	-2.525058e+000
1.290309e+001	-2.550389e+000
1.285750e+001	-2.591933e+000
1.281190e+001	-2.639557e+000
1.276631e+001	-2.682114e+000
1.272072e+001	-2.724671e+000
1.267512e+001	-2.779387e+000
1.262953e+001	-2.837143e+000
1.258393e+001	-2.891860e+000
1.253834e+001	-2.946576e+000
1.249275e+001	-3.002306e+000
1.244715e+001	-3.060062e+000
1.240156e+001	-3.113765e+000
1.235597e+001	-3.160375e+000
1.231037e+001	-3.210025e+000
1.226478e+001	-3.259675e+000
1.221918e+001	-3.300206e+000
1.217359e+001	-3.327564e+000
1.212800e+001	-3.356948e+000
1.208240e+001	-3.397479e+000
1.203681e+001	-3.427877e+000
1.199122e+001	-3.448142e+000
1.194562e+001	-3.471448e+000
1.190003e+001	-3.502859e+000
1.185443e+001	-3.537310e+000
1.180884e+001	-3.566694e+000
1.176325e+001	-3.599119e+000
1.171765e+001	-3.639650e+000
1.167206e+001	-3.682207e+000
1.162647e+001	-3.727804e+000
1.158087e+001	-3.776440e+000
1.153528e+001	-3.827104e+000
1.148968e+001	-3.877767e+000
1.144409e+001	-3.926404e+000
1.139850e+001	-3.978081e+000
1.135290e+001	-4.033810e+000
1.130731e+001	-4.086500e+000
1.126172e+001	-4.128044e+000
1.121612e+001	-4.162495e+000
1.117053e+001	-4.202012e+000
1.112493e+001	-4.245583e+000
1.107934e+001	-4.276994e+000
1.103375e+001	-4.296246e+000
1.098815e+001	-4.318538e+000
1.094256e+001	-4.348935e+000
1.089697e+001	-4.373254e+000
1.085137e+001	-4.388453e+000
1.080578e+001	-4.407705e+000
1.076018e+001	-4.431010e+000
1.071459e+001	-4.458368e+000
1.066900e+001	-4.488766e+000
1.062340e+001	-4.516124e+000
1.057781e+001	-4.545509e+000
1.053222e+001	-4.578947e+000
1.048662e+001	-4.611371e+000
1.044103e+001	-4.641769e+000
1.039543e+001	-4.671154e+000
1.034984e+001	-4.697499e+000
1.030425e+001	-4.717764e+000
1.025865e+001	-4.728910e+000
1.021306e+001	-4.734990e+000
1.016747e+001	-4.736003e+000
1.012187e+001	-4.721817e+000
1.007628e+001	-4.707632e+000
1.003068e+001	-4.690406e+000
9.985090e+000	-4.668114e+000
9.939496e+000	-4.642783e+000
9.893903e+000	-4.614411e+000
9.848309e+000	-4.585026e+000
9.802715e+000	-4.558681e+000
9.757121e+000	-4.534363e+000
9.711528e+000	-4.504978e+000
9.665934e+000	-4.482687e+000
9.620340e+000	-4.464448e+000
9.574746e+000	-4.447222e+000
9.529153e+000	-4.423917e+000
9.483559e+000	-4.399599e+000
9.437965e+000	-4.379333e+000
9.392371e+000	-4.359068e+000
9.346778e+000	-4.336776e+000
9.301184e+000	-4.317524e+000
9.255590e+000	-4.299285e+000
9.209996e+000	-4.279020e+000
9.164403e+000	-4.261794e+000
9.118809e+000	-4.245583e+000
9.073215e+000	-4.231397e+000
9.027621e+000	-4.220251e+000
8.982028e+000	-4.210118e+000
8.936434e+000	-4.203025e+000
8.890840e+000	-4.198972e+000
8.845246e+000	-4.194919e+000
8.799653e+000	-4.190866e+000
8.754059e+000	-4.187826e+000
8.708465e+000	-4.185800e+000
8.662871e+000	-4.184786e+000
8.617278e+000	-4.182760e+000
8.571684e+000	-4.179720e+000
8.526090e+000	-4.178707e+000
8.480496e+000	-4.174654e+000
8.434903e+000	-4.170601e+000
8.389309e+000	-4.167561e+000
8.343715e+000	-4.164521e+000
8.298121e+000	-4.160468e+000
8.252528e+000	-4.155402e+000
8.206934e+000	-4.148309e+000
8.161340e+000	-4.142229e+000
8.115746e+000	-4.138176e+000
8.070153e+000	-4.133110e+000
8.024559e+000	-4.129057e+000
7.978965e+000	-4.123990e+000
7.933371e+000	-4.121964e+000
7.887778e+000	-4.119938e+000
7.842184e+000	-4.116898e+000
7.796590e+000	-4.111831e+000
7.750996e+000	-4.108792e+000
7.705403e+000	-4.104739e+000
7.659809e+000	-4.101699e+000
7.614215e+000	-4.099672e+000
7.568621e+000	-4.095619e+000
7.523028e+000	-4.091566e+000
7.477434e+000	-4.086500e+000
7.431840e+000	-4.083460e+000
7.386245e+000	-4.078394e+000
7.340651e+000	-4.073327e+000
7.295057e+000	-4.068261e+000
7.249463e+000	-4.065221e+000
7.203869e+000	-4.062181e+000
7.158274e+000	-4.059141e+000
7.112680e+000	-4.056102e+000
7.067086e+000	-4.052048e+000
7.021492e+000	-4.049009e+000
6.975898e+000	-4.045969e+000
6.930303e+000	-4.042929e+000
6.884709e+000	-4.038876e+000
6.839115e+000	-4.037863e+000
6.793521e+000	-4.034823e+000
6.747927e+000	-4.030770e+000
6.702332e+000	-4.026717e+000
6.656738e+000	-4.023677e+000
6.611144e+000	-4.022664e+000
6.565550e+000	-4.020637e+000
6.519956e+000	-4.018611e+000
6.474361e+000	-4.016584e+000
6.428767e+000	-4.014558e+000
6.383173e+000	-4.012531e+000
6.337579e+000	-4.011518e+000
6.291985e+000	-4.009491e+000
6.246391e+000	-4.008478e+000
6.200796e+000	-4.007465e+000
6.155202e+000	-4.006452e+000
6.109608e+000	-4.003412e+000
6.064014e+000	-3.999359e+000
6.018420e+000	-3.996319e+000
5.972825e+000	-3.993279e+000
5.927231e+000	-3.991253e+000
5.881637e+000	-3.989226e+000
5.836043e+000	-3.987199e+000
5.790449e+000	-3.984160e+000
5.744854e+000	-3.981120e+000
5.699260e+000	-3.979093e+000
5.653666e+000	-3.978080e+000
5.608072e+000	-3.977067e+000
5.562478e+000	-3.977067e+000
5.516883e+000	-3.977067e+000
5.471289e+000	-3.975040e+000
5.425695e+000	-3.975040e+000
5.380101e+000	-3.974027e+000
5.334507e+000	-3.974027e+000
5.288912e+000	-3.973014e+000
5.243318e+000	-3.972001e+000
5.197724e+000	-3.970988e+000
5.152130e+000	-3.968961e+000
5.106536e+000	-3.966934e+000
5.060941e+000	-3.963895e+000
5.015347e+000	-3.960855e+000
4.969753e+000	-3.958828e+000
4.924159e+000	-3.957815e+000
4.878565e+000	-3.954775e+000
4.832970e+000	-3.951735e+000
4.787376e+000	-3.948696e+000
4.741782e+000	-3.945656e+000
4.696188e+000	-3.942616e+000
4.650594e+000	-3.939576e+000
4.604999e+000	-3.938563e+000
4.559405e+000	-3.937550e+000
4.513811e+000	-3.935523e+000
4.468217e+000	-3.934510e+000
4.422623e+000	-3.932483e+000
4.377029e+000	-3.930457e+000
4.331434e+000	-3.929443e+000
4.285840e+000	-3.928430e+000
4.240246e+000	-3.927417e+000
4.194652e+000	-3.926404e+000
4.149058e+000	-3.925391e+000
4.103463e+000	-3.923364e+000
4.057869e+000	-3.921337e+000
4.012275e+000	-3.919311e+000
3.966681e+000	-3.919311e+000
3.921087e+000	-3.917284e+000
3.875492e+000	-3.915258e+000
3.829898e+000	-3.913232e+000
3.784304e+000	-3.909178e+000
3.738710e+000	-3.906139e+000
3.693116e+000	-3.904112e+000
3.647522e+000	-3.902085e+000
3.601928e+000	-3.900059e+000
3.556334e+000	-3.900059e+000
3.510740e+000	-3.898033e+000
3.465146e+000	-3.896006e+000
3.419552e+000	-3.892966e+000
3.373958e+000	-3.890940e+000
3.328364e+000	-3.890940e+000
3.282770e+000	-3.890940e+000
3.237176e+000	-3.891953e+000
3.191582e+000	-3.890940e+000
3.145988e+000	-3.888913e+000
3.100394e+000	-3.886886e+000
3.054800e+000	-3.885873e+000
3.009206e+000	-3.883847e+000
2.963612e+000	-3.883847e+000
2.918018e+000	-3.883847e+000
2.872424e+000	-3.883847e+000
2.826830e+000	-3.883847e+000
2.781236e+000	-3.881820e+000
2.735642e+000	-3.881820e+000
2.690048e+000	-3.881820e+000
2.644454e+000	-3.881820e+000
2.598860e+000	-3.881820e+000
2.553266e+000	-3.882834e+000
2.507673e+000	-3.882834e+000
2.462079e+000	-3.881820e+000
2.416485e+000	-3.880807e+000
2.370891e+000	-3.878780e+000
2.325297e+000	-3.877767e+000
2.279703e+000	-3.876754e+000
2.234109e+000	-3.874727e+000
2.188515e+000	-3.872701e+000
2.142921e+000	-3.869661e+000
2.097327e+000	-3.866621e+000
2.051733e+000	-3.863581e+000
2.006139e+000	-3.860542e+000
1.960545e+000	-3.858515e+000
1.914951e+000	-3.856488e+000
1.869357e+000	-3.853449e+000
1.823763e+000	-3.851422e+000
1.778169e+000	-3.849396e+000
1.732575e+000	-3.846356e+000
1.686981e+000	-3.845343e+000
1.641386e+000	-3.843316e+000
1.595792e+000	-3.844329e+000
1.550198e+000	-3.845343e+000
1.504604e+000	-3.846356e+000
1.459010e+000	-3.846356e+000
1.413416e+000	-3.845343e+000
1.367822e+000	-3.844329e+000
1.322228e+000	-3.843316e+000
1.276634e+000	-3.843316e+000
1.231040e+000	-3.843316e+000
1.185446e+000	-3.843316e+000
1.139852e+000	-3.841290e+000
1.094257e+000	-3.839263e+000
1.048663e+000	-3.835210e+000
1.003069e+000	-3.832170e+000
9.574752e-001	-3.828117e+000
9.118812e-001	-3.826091e+000
8.662872e-001	-3.823051e+000
8.206931e-001	-3.821024e+000
7.750991e-001	-3.820011e+000
7.295051e-001	-3.817984e+000
6.839110e-001	-3.816971e+000
6.383170e-001	-3.816971e+000
5.927230e-001	-3.816971e+000
5.471290e-001	-3.816971e+000
5.015349e-001	-3.816971e+000
4.559409e-001	-3.815958e+000
4.103469e-001	-3.816971e+000
3.647528e-001	-3.815958e+000
3.191588e-001	-3.815958e+000
2.735648e-001	-3.816971e+000
2.279708e-001	-3.805825e+000
1.823767e-001	-3.817984e+000
1.367827e-001	-3.805825e+000
9.118866e-002	-3.805825e+000
4.559463e-002	-3.817984e+000
5.898060e-007	-3.817984e+000
