    kHz         	 V
2.890797e+002	6.173706e-002
2.890853e+002	6.298828e-002
2.890910e+002	6.292725e-002
2.890967e+002	6.307983e-002
2.891024e+002	6.344604e-002
2.891081e+002	6.396484e-002
2.891138e+002	6.469727e-002
2.891195e+002	6.430054e-002
2.891252e+002	6.558228e-002
2.891308e+002	6.549072e-002
2.891365e+002	6.576538e-002
2.891422e+002	6.686401e-002
2.891479e+002	6.649780e-002
2.891536e+002	6.680298e-002
2.891593e+002	6.796265e-002
2.891650e+002	6.765747e-002
2.891707e+002	6.771851e-002
2.891763e+002	6.881714e-002
2.891820e+002	6.900024e-002
2.891877e+002	6.988525e-002
2.891934e+002	6.924438e-002
2.891991e+002	7.022095e-002
2.892048e+002	7.022095e-002
2.892105e+002	7.095337e-002
2.892162e+002	7.122803e-002
2.892218e+002	7.101440e-002
2.892276e+002	7.202148e-002
2.892333e+002	7.144165e-002
2.892389e+002	7.229614e-002
2.892446e+002	7.241821e-002
2.892503e+002	7.302856e-002
2.892560e+002	7.376099e-002
2.892617e+002	7.366943e-002
2.892674e+002	7.409668e-002
2.892731e+002	7.418823e-002
2.892788e+002	7.443237e-002
2.892844e+002	7.461548e-002
2.892901e+002	7.412720e-002
2.892958e+002	7.577515e-002
2.893015e+002	7.498169e-002
2.893072e+002	7.546997e-002
2.893129e+002	7.528687e-002
2.893186e+002	7.516479e-002
2.893243e+002	7.592773e-002
2.893299e+002	7.617188e-002
2.893356e+002	7.614136e-002
2.893413e+002	7.632446e-002
2.893470e+002	7.751465e-002
2.893527e+002	7.733154e-002
2.893584e+002	7.720947e-002
2.893641e+002	7.760620e-002
2.893698e+002	7.733154e-002
2.893754e+002	7.794189e-002
2.893811e+002	7.785034e-002
2.893868e+002	7.736206e-002
2.893925e+002	7.785034e-002
2.893982e+002	7.839966e-002
2.894039e+002	7.803345e-002
2.894096e+002	7.763672e-002
2.894153e+002	7.818604e-002
2.894209e+002	7.913208e-002
2.894266e+002	7.812500e-002
2.894323e+002	7.788086e-002
2.894380e+002	7.843018e-002
2.894437e+002	7.843018e-002
2.894494e+002	7.870483e-002
2.894551e+002	7.876587e-002
2.894608e+002	7.922363e-002
2.894664e+002	7.858276e-002
2.894721e+002	7.781982e-002
2.894778e+002	7.897949e-002
2.894835e+002	7.879639e-002
2.894892e+002	7.867432e-002
2.894949e+002	7.858276e-002
2.895006e+002	7.806396e-002
2.895063e+002	7.760620e-002
2.895120e+002	7.864380e-002
2.895177e+002	7.815552e-002
2.895233e+002	7.821655e-002
2.895290e+002	7.754517e-002
2.895347e+002	7.739258e-002
2.895404e+002	7.824707e-002
2.895461e+002	7.754517e-002
2.895518e+002	7.772827e-002
2.895575e+002	7.748413e-002
2.895632e+002	7.751465e-002
2.895688e+002	7.727051e-002
2.895745e+002	7.666016e-002
2.895802e+002	7.659912e-002
2.895859e+002	7.623291e-002
2.895916e+002	7.638550e-002
2.895973e+002	7.626343e-002
2.896030e+002	7.601929e-002
2.896087e+002	7.516479e-002
2.896143e+002	7.537842e-002
2.896200e+002	7.421875e-002
2.896257e+002	7.461548e-002
2.896314e+002	7.415771e-002
2.896371e+002	7.458496e-002
2.896428e+002	7.409668e-002
2.896485e+002	7.357788e-002
2.896542e+002	7.379150e-002
2.896598e+002	7.281494e-002
2.896655e+002	7.266235e-002
2.896712e+002	7.165527e-002
2.896769e+002	7.241821e-002
2.896826e+002	7.098389e-002
2.896883e+002	7.089233e-002
2.896940e+002	7.052612e-002
2.896997e+002	6.991577e-002
2.897053e+002	6.912231e-002
2.897110e+002	6.900024e-002
2.897167e+002	6.854248e-002
2.897224e+002	6.802368e-002
2.897281e+002	6.781006e-002
2.897338e+002	6.671143e-002
2.897395e+002	6.619263e-002
2.897452e+002	6.533813e-002
2.897508e+002	6.515503e-002
2.897565e+002	6.420898e-002
2.897622e+002	6.338501e-002
2.897679e+002	6.222534e-002
2.897736e+002	6.222534e-002
2.897793e+002	6.164551e-002
2.897850e+002	6.057739e-002
2.897907e+002	5.984497e-002
2.897963e+002	5.938721e-002
2.898021e+002	5.865479e-002
2.898078e+002	5.728149e-002
2.898134e+002	5.654907e-002
2.898191e+002	5.569458e-002
2.898248e+002	5.398560e-002
2.898305e+002	5.355835e-002
2.898362e+002	5.279541e-002
2.898419e+002	5.111694e-002
2.898476e+002	5.001831e-002
2.898533e+002	4.888916e-002
2.898589e+002	4.794312e-002
2.898646e+002	4.681396e-002
2.898703e+002	4.525757e-002
2.898760e+002	4.376221e-002
2.898817e+002	4.199219e-002
2.898874e+002	4.132080e-002
2.898931e+002	3.887939e-002
2.898988e+002	3.842163e-002
2.899044e+002	3.656006e-002
2.899101e+002	3.555298e-002
2.899158e+002	3.289795e-002
2.899215e+002	3.164673e-002
2.899272e+002	2.938843e-002
2.899329e+002	2.786255e-002
2.899386e+002	2.685547e-002
2.899443e+002	2.392578e-002
2.899499e+002	2.243042e-002
2.899556e+002	1.989746e-002
2.899613e+002	1.751709e-002
2.899670e+002	1.525879e-002
2.899727e+002	1.312256e-002
2.899784e+002	1.123047e-002
2.899841e+002	8.728027e-003
2.899898e+002	6.134033e-003
2.899954e+002	3.509521e-003
2.900011e+002	2.471924e-003
2.900068e+002	4.180908e-003
2.900125e+002	6.378174e-003
2.900182e+002	9.063721e-003
2.900239e+002	1.226807e-002
2.900296e+002	1.507568e-002
2.900353e+002	1.821899e-002
2.900409e+002	2.169800e-002
2.900466e+002	2.517700e-002
2.900523e+002	2.877808e-002
2.900580e+002	3.262329e-002
2.900637e+002	3.619385e-002
2.900694e+002	3.961182e-002
2.900751e+002	4.437256e-002
2.900808e+002	4.864502e-002
2.900865e+002	5.300903e-002
2.900922e+002	5.728149e-002
2.900978e+002	6.173706e-002
2.901035e+002	6.607056e-002
2.901092e+002	7.043457e-002
2.901149e+002	7.608032e-002
2.901206e+002	8.071899e-002
2.901263e+002	8.563232e-002
2.901320e+002	9.100342e-002
2.901377e+002	9.680176e-002
2.901433e+002	1.022949e-001
2.901490e+002	1.079102e-001
2.901547e+002	1.135559e-001
2.901604e+002	1.192017e-001
2.901661e+002	1.250000e-001
2.901718e+002	1.315308e-001
2.901775e+002	1.370239e-001
2.901832e+002	1.439819e-001
2.901888e+002	1.490479e-001
2.901945e+002	1.556091e-001
2.902002e+002	1.625061e-001
2.902059e+002	1.684570e-001
2.902116e+002	1.755066e-001
2.902173e+002	1.825256e-001
2.902230e+002	1.889343e-001
2.902287e+002	1.959229e-001
2.902343e+002	2.022705e-001
2.902400e+002	2.093506e-001
2.902457e+002	2.165527e-001
2.902514e+002	2.233887e-001
2.902571e+002	2.301025e-001
2.902628e+002	2.363281e-001
2.902685e+002	2.445374e-001
2.902742e+002	2.505188e-001
2.902798e+002	2.584839e-001
2.902855e+002	2.642822e-001
2.902912e+002	2.725830e-001
2.902969e+002	2.783203e-001
2.903026e+002	2.857361e-001
2.903083e+002	2.920837e-001
2.903140e+002	2.988586e-001
2.903197e+002	3.052063e-001
2.903253e+002	3.117676e-001
2.903310e+002	3.184814e-001
2.903367e+002	3.251953e-001
2.903424e+002	3.301697e-001
2.903481e+002	3.364258e-001
2.903538e+002	3.434753e-001
2.903595e+002	3.494263e-001
2.903652e+002	3.547058e-001
2.903708e+002	3.596497e-001
2.903766e+002	3.660583e-001
2.903823e+002	3.717041e-001
2.903879e+002	3.766174e-001
2.903936e+002	3.820496e-001
2.903993e+002	3.864441e-001
2.904050e+002	3.919373e-001
2.904107e+002	3.961182e-001
2.904164e+002	4.007874e-001
2.904221e+002	4.054260e-001
2.904278e+002	4.109497e-001
2.904334e+002	4.144287e-001
2.904391e+002	4.176636e-001
2.904448e+002	4.217529e-001
2.904505e+002	4.267578e-001
2.904562e+002	4.306030e-001
2.904619e+002	4.335632e-001
2.904676e+002	4.366455e-001
2.904733e+002	4.401855e-001
2.904789e+002	4.438171e-001
2.904846e+002	4.472961e-001
2.904903e+002	4.498901e-001
2.904960e+002	4.522400e-001
2.905017e+002	4.559631e-001
2.905074e+002	4.588013e-001
2.905131e+002	4.610901e-001
2.905188e+002	4.635010e-001
2.905244e+002	4.659729e-001
2.905301e+002	4.684753e-001
2.905358e+002	4.703979e-001
2.905415e+002	4.720764e-001
2.905472e+002	4.747925e-001
2.905529e+002	4.765015e-001
2.905586e+002	4.779968e-001
2.905643e+002	4.809570e-001
2.905699e+002	4.817505e-001
2.905756e+002	4.831238e-001
2.905813e+002	4.849854e-001
2.905870e+002	4.864197e-001
2.905927e+002	4.870605e-001
2.905984e+002	4.884033e-001
2.906041e+002	4.897156e-001
2.906098e+002	4.895935e-001
2.906154e+002	4.911499e-001
2.906211e+002	4.918518e-001
2.906268e+002	4.927979e-001
2.906325e+002	4.928284e-001
2.906382e+002	4.935303e-001
2.906439e+002	4.942627e-001
2.906496e+002	4.946594e-001
2.906553e+002	4.946289e-001
2.906610e+002	4.945679e-001
2.906667e+002	4.954834e-001
2.906723e+002	4.942322e-001
2.906780e+002	4.942322e-001
2.906837e+002	4.944153e-001
2.906894e+002	4.945679e-001
2.906951e+002	4.930420e-001
2.907008e+002	4.928284e-001
2.907065e+002	4.919739e-001
2.907122e+002	4.912720e-001
2.907178e+002	4.902344e-001
2.907235e+002	4.889832e-001
2.907292e+002	4.877625e-001
2.907349e+002	4.863281e-001
2.907406e+002	4.852295e-001
2.907463e+002	4.842529e-001
2.907520e+002	4.817810e-001
2.907577e+002	4.807434e-001
2.907633e+002	4.795837e-001
2.907690e+002	4.771118e-001
2.907747e+002	4.758301e-001
2.907804e+002	4.730835e-001
2.907861e+002	4.710388e-001
2.907918e+002	4.686584e-001
2.907975e+002	4.667969e-001
2.908032e+002	4.636841e-001
2.908088e+002	4.612427e-001
2.908145e+002	4.582214e-001
2.908202e+002	4.557800e-001
2.908259e+002	4.532166e-001
2.908316e+002	4.502869e-001
2.908373e+002	4.472351e-001
2.908430e+002	4.451904e-001
2.908487e+002	4.411011e-001
2.908543e+002	4.378662e-001
2.908600e+002	4.347534e-001
2.908657e+002	4.315186e-001
2.908714e+002	4.271545e-001
2.908771e+002	4.240417e-001
2.908828e+002	4.201355e-001
2.908885e+002	4.171143e-001
2.908942e+002	4.128418e-001
2.908998e+002	4.100952e-001
2.909055e+002	4.053345e-001
2.909112e+002	4.026184e-001
2.909169e+002	3.982544e-001
2.909226e+002	3.939819e-001
2.909283e+002	3.897095e-001
2.909340e+002	3.857422e-001
2.909397e+002	3.825073e-001
2.909453e+002	3.782349e-001
2.909511e+002	3.741150e-001
2.909568e+002	3.702087e-001
2.909624e+002	3.660278e-001
2.909681e+002	3.617249e-001
2.909738e+002	3.577576e-001
2.909795e+002	3.540955e-001
2.909852e+002	3.494263e-001
2.909909e+002	3.460999e-001
2.909966e+002	3.419189e-001
2.910023e+002	3.380127e-001
2.910079e+002	3.341980e-001
2.910136e+002	3.304749e-001
2.910193e+002	3.255310e-001
2.910250e+002	3.219299e-001
2.910307e+002	3.185120e-001
2.910364e+002	3.143311e-001
2.910421e+002	3.113403e-001
2.910478e+002	3.073425e-001
2.910534e+002	3.038635e-001
2.910591e+002	3.003235e-001
2.910648e+002	2.972412e-001
2.910705e+002	2.928772e-001
2.910762e+002	2.901306e-001
2.910819e+002	2.864990e-001
2.910876e+002	2.831421e-001
2.910933e+002	2.798462e-001
2.910989e+002	2.768555e-001
2.911046e+002	2.741699e-001
2.911103e+002	2.708740e-001
2.911160e+002	2.678528e-001
2.911217e+002	2.654114e-001
2.911274e+002	2.632141e-001
2.911331e+002	2.601624e-001
2.911388e+002	2.584534e-001
2.911444e+002	2.557983e-001
2.911501e+002	2.534485e-001
2.911558e+002	2.502747e-001
2.911615e+002	2.481079e-001
2.911672e+002	2.463074e-001
2.911729e+002	2.438660e-001
2.911786e+002	2.422791e-001
2.911843e+002	2.412109e-001
2.911899e+002	2.384644e-001
2.911956e+002	2.368164e-001
2.912013e+002	2.355042e-001
2.912070e+002	2.332764e-001
2.912127e+002	2.315369e-001
2.912184e+002	2.302246e-001
2.912241e+002	2.289734e-001
2.912298e+002	2.277222e-001
2.912355e+002	2.268982e-001
2.912412e+002	2.265625e-001
2.912468e+002	2.252197e-001
2.912525e+002	2.247314e-001
2.912582e+002	2.236938e-001
2.912639e+002	2.229614e-001
2.912696e+002	2.214661e-001
2.912753e+002	2.216492e-001
2.912810e+002	2.215271e-001
2.912867e+002	2.211914e-001
2.912923e+002	2.207642e-001
2.912980e+002	2.201233e-001
2.913037e+002	2.199402e-001
2.913094e+002	2.200623e-001
2.913151e+002	2.202148e-001
2.913208e+002	2.201233e-001
2.913265e+002	2.207336e-001
2.913322e+002	2.209778e-001
2.913378e+002	2.209473e-001
2.913435e+002	2.213135e-001
2.913492e+002	2.219849e-001
2.913549e+002	2.219238e-001
2.913606e+002	2.237244e-001
2.913663e+002	2.232971e-001
2.913720e+002	2.241516e-001
2.913777e+002	2.252808e-001
2.913833e+002	2.259827e-001
2.913890e+002	2.271118e-001
2.913947e+002	2.278137e-001
2.914004e+002	2.289124e-001
2.914061e+002	2.302246e-001
2.914118e+002	2.315979e-001
2.914175e+002	2.317505e-001
2.914232e+002	2.332764e-001
2.914288e+002	2.349243e-001
2.914345e+002	2.362366e-001
2.914402e+002	2.372742e-001
2.914459e+002	2.388916e-001
2.914516e+002	2.404480e-001
2.914573e+002	2.412720e-001
2.914630e+002	2.431641e-001
2.914687e+002	2.445679e-001
2.914743e+002	2.464600e-001
2.914800e+002	2.473145e-001
2.914857e+002	2.486267e-001
2.914914e+002	2.506714e-001
2.914971e+002	2.521667e-001
2.915028e+002	2.531128e-001
2.915085e+002	2.547913e-001
2.915142e+002	2.571716e-001
2.915199e+002	2.587280e-001
2.915256e+002	2.598877e-001
2.915313e+002	2.617798e-001
2.915369e+002	2.631836e-001
2.915426e+002	2.652588e-001
2.915483e+002	2.666321e-001
2.915540e+002	2.685547e-001
2.915597e+002	2.691040e-001
2.915654e+002	2.703247e-001
2.915711e+002	2.728577e-001
2.915768e+002	2.729797e-001
2.915824e+002	2.755432e-001
2.915881e+002	2.763977e-001
2.915938e+002	2.777100e-001
2.915995e+002	2.799072e-001
2.916052e+002	2.802734e-001
2.916109e+002	2.825623e-001
2.916166e+002	2.828369e-001
2.916223e+002	2.840576e-001
2.916279e+002	2.846375e-001
2.916336e+002	2.857361e-001
2.916393e+002	2.865295e-001
2.916450e+002	2.873840e-001
2.916507e+002	2.877808e-001
2.916564e+002	2.880859e-001
2.916621e+002	2.900696e-001
2.916678e+002	2.897034e-001
2.916734e+002	2.902832e-001
2.916791e+002	2.906189e-001
2.916848e+002	2.914429e-001
2.916905e+002	2.922058e-001
2.916962e+002	2.919617e-001
2.917019e+002	2.918701e-001
2.917076e+002	2.913513e-001
2.917133e+002	2.915344e-001
2.917189e+002	2.915955e-001
2.917246e+002	2.912598e-001
2.917303e+002	2.908936e-001
2.917360e+002	2.904663e-001
2.917417e+002	2.890930e-001
2.917474e+002	2.894287e-001
2.917531e+002	2.884521e-001
2.917588e+002	2.885437e-001
2.917644e+002	2.866211e-001
2.917701e+002	2.858582e-001
2.917758e+002	2.855530e-001
2.917815e+002	2.832336e-001
2.917872e+002	2.821350e-001
2.917929e+002	2.810364e-001
2.917986e+002	2.799988e-001
2.918043e+002	2.787476e-001
2.918100e+002	2.777405e-001
2.918157e+002	2.764893e-001
2.918213e+002	2.737122e-001
2.918270e+002	2.734375e-001
2.918327e+002	2.719421e-001
2.918384e+002	2.695313e-001
2.918441e+002	2.685547e-001
2.918498e+002	2.666016e-001
2.918555e+002	2.652588e-001
2.918612e+002	2.634888e-001
2.918668e+002	2.614441e-001
2.918725e+002	2.595215e-001
2.918782e+002	2.577515e-001
2.918839e+002	2.564392e-001
2.918896e+002	2.549133e-001
2.918953e+002	2.525024e-001
2.919010e+002	2.507629e-001
2.919067e+002	2.482300e-001
2.919123e+002	2.467346e-001
2.919180e+002	2.445679e-001
2.919237e+002	2.431946e-001
2.919294e+002	2.414246e-001
2.919351e+002	2.395020e-001
2.919408e+002	2.377014e-001
2.919465e+002	2.355652e-001
2.919522e+002	2.338562e-001
2.919578e+002	2.316284e-001
2.919635e+002	2.301331e-001
2.919692e+002	2.279968e-001
2.919749e+002	2.256165e-001
2.919806e+002	2.247009e-001
2.919863e+002	2.226563e-001
