    kHz         	 V
3.058338e+002	1.372681e-001
3.058398e+002	1.369019e-001
3.058458e+002	1.375122e-001
3.058518e+002	1.375427e-001
3.058578e+002	1.375122e-001
3.058639e+002	1.369019e-001
3.058699e+002	1.380005e-001
3.058759e+002	1.377869e-001
3.058819e+002	1.374512e-001
3.058879e+002	1.376953e-001
3.058940e+002	1.381226e-001
3.059000e+002	1.387024e-001
3.059060e+002	1.398315e-001
3.059120e+002	1.400757e-001
3.059180e+002	1.399841e-001
3.059241e+002	1.399536e-001
3.059301e+002	1.410828e-001
3.059361e+002	1.413269e-001
3.059421e+002	1.417847e-001
3.059481e+002	1.427002e-001
3.059542e+002	1.434021e-001
3.059602e+002	1.439819e-001
3.059662e+002	1.437378e-001
3.059722e+002	1.453247e-001
3.059782e+002	1.455078e-001
3.059842e+002	1.465759e-001
3.059903e+002	1.481323e-001
3.059963e+002	1.480103e-001
3.060023e+002	1.495361e-001
3.060083e+002	1.493530e-001
3.060143e+002	1.500549e-001
3.060203e+002	1.516113e-001
3.060263e+002	1.513062e-001
3.060324e+002	1.523743e-001
3.060384e+002	1.532593e-001
3.060444e+002	1.541748e-001
3.060504e+002	1.551514e-001
3.060564e+002	1.556396e-001
3.060625e+002	1.575317e-001
3.060685e+002	1.575012e-001
3.060745e+002	1.582947e-001
3.060805e+002	1.597595e-001
3.060865e+002	1.603088e-001
3.060926e+002	1.613770e-001
3.060986e+002	1.625366e-001
3.061046e+002	1.632690e-001
3.061106e+002	1.640015e-001
3.061166e+002	1.650696e-001
3.061227e+002	1.666260e-001
3.061287e+002	1.672058e-001
3.061347e+002	1.681519e-001
3.061407e+002	1.682434e-001
3.061467e+002	1.695557e-001
3.061527e+002	1.706238e-001
3.061588e+002	1.711121e-001
3.061648e+002	1.729431e-001
3.061708e+002	1.737976e-001
3.061768e+002	1.743774e-001
3.061828e+002	1.751099e-001
3.061888e+002	1.767578e-001
3.061949e+002	1.774292e-001
3.062009e+002	1.784668e-001
3.062069e+002	1.796875e-001
3.062129e+002	1.808167e-001
3.062189e+002	1.817322e-001
3.062249e+002	1.827698e-001
3.062310e+002	1.834106e-001
3.062370e+002	1.846619e-001
3.062430e+002	1.853943e-001
3.062490e+002	1.857300e-001
3.062550e+002	1.861267e-001
3.062611e+002	1.885376e-001
3.062671e+002	1.890869e-001
3.062731e+002	1.906738e-001
3.062791e+002	1.909485e-001
3.062851e+002	1.931458e-001
3.062912e+002	1.941223e-001
3.062972e+002	1.950378e-001
3.063032e+002	1.949463e-001
3.063092e+002	1.965942e-001
3.063152e+002	1.969910e-001
3.063213e+002	1.981201e-001
3.063272e+002	1.997986e-001
3.063333e+002	2.001343e-001
3.063393e+002	2.012939e-001
3.063453e+002	2.028809e-001
3.063513e+002	2.032776e-001
3.063573e+002	2.048950e-001
3.063634e+002	2.051392e-001
3.063694e+002	2.073975e-001
3.063754e+002	2.073975e-001
3.063814e+002	2.084045e-001
3.063874e+002	2.095947e-001
3.063935e+002	2.112427e-001
3.063995e+002	2.120972e-001
3.064055e+002	2.135925e-001
3.064115e+002	2.136536e-001
3.064175e+002	2.151489e-001
3.064235e+002	2.166443e-001
3.064296e+002	2.169495e-001
3.064356e+002	2.178650e-001
3.064416e+002	2.193298e-001
3.064476e+002	2.200012e-001
3.064536e+002	2.208557e-001
3.064597e+002	2.219849e-001
3.064657e+002	2.225952e-001
3.064717e+002	2.242126e-001
3.064777e+002	2.250671e-001
3.064837e+002	2.262573e-001
3.064898e+002	2.274780e-001
3.064957e+002	2.284241e-001
3.065018e+002	2.294922e-001
3.065078e+002	2.305908e-001
3.065138e+002	2.302551e-001
3.065198e+002	2.333374e-001
3.065258e+002	2.341003e-001
3.065319e+002	2.346191e-001
3.065379e+002	2.353516e-001
3.065439e+002	2.366028e-001
3.065499e+002	2.382813e-001
3.065559e+002	2.394104e-001
3.065620e+002	2.407227e-001
3.065680e+002	2.413330e-001
3.065740e+002	2.429504e-001
3.065800e+002	2.432556e-001
3.065860e+002	2.449646e-001
3.065921e+002	2.458496e-001
3.065981e+002	2.474976e-001
3.066041e+002	2.480774e-001
3.066101e+002	2.490845e-001
3.066161e+002	2.503357e-001
3.066221e+002	2.519836e-001
3.066282e+002	2.529297e-001
3.066342e+002	2.546082e-001
3.066402e+002	2.554626e-001
3.066462e+002	2.565002e-001
3.066522e+002	2.584534e-001
3.066583e+002	2.591553e-001
3.066642e+002	2.609253e-001
3.066703e+002	2.615051e-001
3.066763e+002	2.622681e-001
3.066823e+002	2.633057e-001
3.066883e+002	2.650757e-001
3.066943e+002	2.671814e-001
3.067004e+002	2.671814e-001
3.067064e+002	2.687683e-001
3.067124e+002	2.714233e-001
3.067184e+002	2.723083e-001
3.067244e+002	2.730103e-001
3.067305e+002	2.732849e-001
3.067365e+002	2.754822e-001
3.067425e+002	2.770081e-001
3.067485e+002	2.783508e-001
3.067545e+002	2.792358e-001
3.067606e+002	2.811279e-001
3.067666e+002	2.825012e-001
3.067726e+002	2.832642e-001
3.067786e+002	2.847290e-001
3.067846e+002	2.863159e-001
3.067906e+002	2.875671e-001
3.067967e+002	2.889404e-001
3.068027e+002	2.914734e-001
3.068087e+002	2.919006e-001
3.068147e+002	2.931213e-001
3.068207e+002	2.942505e-001
3.068268e+002	2.961426e-001
3.068328e+002	2.981873e-001
3.068388e+002	3.002625e-001
3.068448e+002	3.008118e-001
3.068508e+002	3.023987e-001
3.068568e+002	3.039551e-001
3.068628e+002	3.062439e-001
3.068689e+002	3.071289e-001
3.068749e+002	3.084717e-001
3.068809e+002	3.097534e-001
3.068869e+002	3.115234e-001
3.068929e+002	3.139038e-001
3.068990e+002	3.142090e-001
3.069050e+002	3.165283e-001
3.069110e+002	3.186340e-001
3.069170e+002	3.200378e-001
3.069230e+002	3.217468e-001
3.069291e+002	3.233948e-001
3.069351e+002	3.261719e-001
3.069411e+002	3.272400e-001
3.069471e+002	3.287048e-001
3.069531e+002	3.307495e-001
3.069592e+002	3.325500e-001
3.069652e+002	3.345947e-001
3.069712e+002	3.362122e-001
3.069772e+002	3.379517e-001
3.069832e+002	3.394470e-001
3.069892e+002	3.411865e-001
3.069953e+002	3.430481e-001
3.070013e+002	3.453979e-001
3.070073e+002	3.470154e-001
3.070133e+002	3.491821e-001
3.070193e+002	3.500061e-001
3.070253e+002	3.529053e-001
3.070314e+002	3.555603e-001
3.070374e+002	3.571167e-001
3.070434e+002	3.587646e-001
3.070494e+002	3.611145e-001
3.070554e+002	3.625793e-001
3.070614e+002	3.642883e-001
3.070675e+002	3.664551e-001
3.070735e+002	3.680725e-001
3.070795e+002	3.703918e-001
3.070855e+002	3.721924e-001
3.070915e+002	3.748169e-001
3.070976e+002	3.774109e-001
3.071036e+002	3.786621e-001
3.071096e+002	3.805542e-001
3.071156e+002	3.825073e-001
3.071216e+002	3.849792e-001
3.071277e+002	3.870239e-001
3.071337e+002	3.897705e-001
3.071397e+002	3.910522e-001
3.071457e+002	3.942871e-001
3.071517e+002	3.958130e-001
3.071578e+002	3.980408e-001
3.071637e+002	3.993225e-001
3.071698e+002	4.016113e-001
3.071758e+002	4.045715e-001
3.071818e+002	4.060669e-001
3.071878e+002	4.092102e-001
3.071938e+002	4.106445e-001
3.071999e+002	4.125366e-001
3.072059e+002	4.158936e-001
3.072119e+002	4.169922e-001
3.072179e+002	4.199219e-001
3.072239e+002	4.225159e-001
3.072299e+002	4.250488e-001
3.072360e+002	4.266357e-001
3.072420e+002	4.295654e-001
3.072480e+002	4.313354e-001
3.072540e+002	4.334106e-001
3.072600e+002	4.363098e-001
3.072661e+002	4.377441e-001
3.072721e+002	4.403381e-001
3.072781e+002	4.427490e-001
3.072841e+002	4.444885e-001
3.072901e+002	4.466553e-001
3.072962e+002	4.490662e-001
3.073022e+002	4.514160e-001
3.073082e+002	4.536133e-001
3.073142e+002	4.554749e-001
3.073202e+002	4.574585e-001
3.073263e+002	4.593811e-001
3.073322e+002	4.607239e-001
3.073383e+002	4.634094e-001
3.073443e+002	4.658508e-001
3.073503e+002	4.671326e-001
3.073563e+002	4.685974e-001
3.073623e+002	4.714661e-001
3.073684e+002	4.725647e-001
3.073744e+002	4.754944e-001
3.073804e+002	4.765930e-001
3.073864e+002	4.787598e-001
3.073924e+002	4.805908e-001
3.073985e+002	4.818726e-001
3.074045e+002	4.832153e-001
3.074105e+002	4.844360e-001
3.074165e+002	4.869995e-001
3.074225e+002	4.878845e-001
3.074285e+002	4.895630e-001
3.074346e+002	4.902649e-001
3.074406e+002	4.914246e-001
3.074466e+002	4.928284e-001
3.074526e+002	4.936218e-001
3.074586e+002	4.952393e-001
3.074647e+002	4.959717e-001
3.074707e+002	4.966125e-001
3.074767e+002	4.972229e-001
3.074827e+002	4.976501e-001
3.074887e+002	4.988098e-001
3.074948e+002	4.990540e-001
3.075007e+002	4.992371e-001
3.075068e+002	4.992371e-001
3.075128e+002	4.996338e-001
3.075188e+002	4.994202e-001
3.075248e+002	4.989929e-001
3.075308e+002	5.001831e-001
3.075369e+002	4.984741e-001
3.075429e+002	4.996643e-001
3.075489e+002	4.996338e-001
3.075549e+002	4.984741e-001
3.075609e+002	4.971619e-001
3.075670e+002	4.973450e-001
3.075730e+002	4.947510e-001
3.075790e+002	4.952087e-001
3.075850e+002	4.939575e-001
3.075910e+002	4.922180e-001
3.075971e+002	4.905701e-001
3.076031e+002	4.888916e-001
3.076091e+002	4.879761e-001
3.076151e+002	4.853210e-001
3.076211e+002	4.837952e-001
3.076271e+002	4.818115e-001
3.076332e+002	4.791870e-001
3.076392e+002	4.764709e-001
3.076452e+002	4.745789e-001
3.076512e+002	4.721069e-001
3.076572e+002	4.688721e-001
3.076633e+002	4.656372e-001
3.076693e+002	4.631042e-001
3.076753e+002	4.603882e-001
3.076813e+002	4.571838e-001
3.076873e+002	4.540710e-001
3.076933e+002	4.493713e-001
3.076993e+002	4.464417e-001
3.077054e+002	4.421387e-001
3.077114e+002	4.384766e-001
3.077174e+002	4.346924e-001
3.077234e+002	4.313965e-001
3.077294e+002	4.266052e-001
3.077355e+002	4.227905e-001
3.077415e+002	4.186096e-001
3.077475e+002	4.136658e-001
3.077535e+002	4.088440e-001
3.077595e+002	4.042969e-001
3.077656e+002	3.996277e-001
3.077716e+002	3.958435e-001
3.077776e+002	3.900757e-001
3.077836e+002	3.858337e-001
3.077896e+002	3.799438e-001
3.077957e+002	3.747253e-001
3.078017e+002	3.705139e-001
3.078077e+002	3.651733e-001
3.078137e+002	3.600159e-001
3.078197e+002	3.548279e-001
3.078257e+002	3.494263e-001
3.078318e+002	3.437500e-001
3.078378e+002	3.383179e-001
3.078438e+002	3.325806e-001
3.078498e+002	3.272705e-001
3.078558e+002	3.226013e-001
3.078618e+002	3.175049e-001
3.078678e+002	3.119507e-001
3.078739e+002	3.059387e-001
3.078799e+002	3.005676e-001
3.078859e+002	2.947388e-001
3.078919e+002	2.892456e-001
3.078979e+002	2.843323e-001
3.079040e+002	2.790833e-001
3.079100e+002	2.735596e-001
3.079160e+002	2.680664e-001
3.079220e+002	2.632141e-001
3.079280e+002	2.581787e-001
3.079341e+002	2.530823e-001
3.079401e+002	2.482605e-001
3.079461e+002	2.436218e-001
3.079521e+002	2.389221e-001
3.079581e+002	2.335815e-001
3.079642e+002	2.297668e-001
3.079702e+002	2.258301e-001
3.079762e+002	2.209167e-001
3.079822e+002	2.178040e-001
3.079882e+002	2.144470e-001
3.079943e+002	2.108154e-001
3.080002e+002	2.068481e-001
3.080063e+002	2.043152e-001
3.080123e+002	2.008057e-001
3.080183e+002	1.983337e-001
3.080243e+002	1.959534e-001
3.080303e+002	1.936340e-001
3.080364e+002	1.921082e-001
3.080424e+002	1.908875e-001
3.080484e+002	1.884460e-001
3.080544e+002	1.865234e-001
3.080604e+002	1.862183e-001
3.080664e+002	1.849060e-001
3.080725e+002	1.843567e-001
3.080785e+002	1.839600e-001
3.080845e+002	1.836853e-001
3.080905e+002	1.831055e-001
3.080965e+002	1.834717e-001
3.081026e+002	1.835327e-001
3.081086e+002	1.830750e-001
3.081146e+002	1.842041e-001
3.081206e+002	1.838684e-001
3.081266e+002	1.842346e-001
3.081327e+002	1.842957e-001
3.081387e+002	1.856689e-001
3.081447e+002	1.857300e-001
3.081507e+002	1.859741e-001
3.081567e+002	1.865845e-001
3.081628e+002	1.868286e-001
3.081687e+002	1.877136e-001
3.081748e+002	1.881714e-001
3.081808e+002	1.887512e-001
3.081868e+002	1.887817e-001
3.081928e+002	1.883240e-001
3.081988e+002	1.894226e-001
3.082049e+002	1.896362e-001
3.082109e+002	1.902466e-001
3.082169e+002	1.894531e-001
3.082229e+002	1.896057e-001
3.082289e+002	1.896057e-001
3.082350e+002	1.897583e-001
3.082410e+002	1.895447e-001
3.082470e+002	1.894531e-001
3.082530e+002	1.896667e-001
3.082590e+002	1.894531e-001
3.082650e+002	1.891785e-001
3.082711e+002	1.883850e-001
3.082771e+002	1.887207e-001
3.082831e+002	1.877441e-001
3.082891e+002	1.875610e-001
3.082951e+002	1.872864e-001
3.083012e+002	1.862488e-001
3.083072e+002	1.857605e-001
3.083132e+002	1.855164e-001
3.083192e+002	1.845093e-001
3.083252e+002	1.837769e-001
3.083313e+002	1.836548e-001
3.083372e+002	1.828308e-001
3.083433e+002	1.820374e-001
3.083493e+002	1.809387e-001
3.083553e+002	1.803894e-001
3.083613e+002	1.801147e-001
3.083673e+002	1.788635e-001
3.083734e+002	1.772766e-001
3.083794e+002	1.770020e-001
3.083854e+002	1.759949e-001
3.083914e+002	1.753235e-001
3.083974e+002	1.742249e-001
3.084035e+002	1.741333e-001
3.084095e+002	1.725159e-001
3.084155e+002	1.723022e-001
3.084215e+002	1.706238e-001
3.084275e+002	1.700439e-001
3.084336e+002	1.692810e-001
3.084396e+002	1.687622e-001
3.084456e+002	1.676331e-001
3.084516e+002	1.672363e-001
3.084576e+002	1.658630e-001
3.084636e+002	1.657410e-001
3.084697e+002	1.646423e-001
3.084757e+002	1.641846e-001
3.084817e+002	1.638489e-001
3.084877e+002	1.631775e-001
3.084937e+002	1.616821e-001
3.084998e+002	1.610413e-001
3.085058e+002	1.606750e-001
3.085118e+002	1.601868e-001
3.085178e+002	1.593018e-001
3.085238e+002	1.589966e-001
3.085298e+002	1.578064e-001
3.085358e+002	1.580505e-001
3.085419e+002	1.570740e-001
3.085479e+002	1.568298e-001
3.085539e+002	1.563721e-001
3.085599e+002	1.559448e-001
3.085659e+002	1.560669e-001
3.085720e+002	1.556091e-001
3.085780e+002	1.547546e-001
3.085840e+002	1.549377e-001
3.085900e+002	1.545410e-001
3.085960e+002	1.544495e-001
3.086021e+002	1.540527e-001
3.086081e+002	1.539612e-001
3.086141e+002	1.536560e-001
3.086201e+002	1.539917e-001
3.086261e+002	1.535034e-001
3.086322e+002	1.533813e-001
3.086382e+002	1.532898e-001
3.086442e+002	1.533508e-001
3.086502e+002	1.532288e-001
3.086562e+002	1.533203e-001
3.086622e+002	1.531677e-001
3.086683e+002	1.543884e-001
3.086743e+002	1.523743e-001
3.086803e+002	1.529846e-001
3.086863e+002	1.535645e-001
3.086923e+002	1.540222e-001
3.086983e+002	1.534729e-001
3.087043e+002	1.543274e-001
3.087104e+002	1.535339e-001
3.087164e+002	1.538696e-001
3.087224e+002	1.545410e-001
3.087284e+002	1.553650e-001
3.087344e+002	1.546936e-001
3.087405e+002	1.556091e-001
3.087465e+002	1.551514e-001
3.087525e+002	1.548462e-001
3.087585e+002	1.550598e-001
3.087645e+002	1.555786e-001
3.087706e+002	1.564636e-001
3.087766e+002	1.564331e-001
3.087826e+002	1.571655e-001
3.087886e+002	1.568909e-001
3.087946e+002	1.571960e-001
3.088007e+002	1.575623e-001
3.088067e+002	1.575317e-001
3.088127e+002	1.582336e-001
3.088187e+002	1.584167e-001
3.088247e+002	1.578064e-001
3.088308e+002	1.582031e-001
3.088367e+002	1.592407e-001
3.088428e+002	1.593018e-001
3.088488e+002	1.590271e-001
3.088548e+002	1.597595e-001
3.088608e+002	1.602478e-001
3.088668e+002	1.601257e-001
3.088729e+002	1.610413e-001
3.088789e+002	1.607361e-001
3.088849e+002	1.610107e-001
3.088909e+002	1.618652e-001
3.088969e+002	1.614075e-001
3.089029e+002	1.610107e-001
3.089090e+002	1.619873e-001
