8.3
6.8
5.2
3.7
2.2
0.8
-0.7
-2.1
-3.5
-4.9
-6.3
-7.7
-9.0
-10.4
-11.6
-12.9
-14.2
-15.4
-16.7
-17.9
-19.1
-20.3
-21.4
-22.7
-23.8
-24.9
-26.0
-27.1
-28.2
-29.3
-30.3
-31.4
-32.4
-33.4
-34.4
-35.4
-36.4
-37.4
-38.4
-39.3
-40.3
-41.2
-42.1
-43.0
-43.9
-44.8
-45.6
-46.5
-47.3
-48.2
-49.0
-49.8
-50.6
-51.4
-52.2
-53.0
-53.8
-54.6
-55.3
-56.0
-56.8
-57.5
-58.2
-58.9
-59.6
-60.3
-61.0
-61.6
-62.3
-63.0
-63.6
-64.3
-64.9
-65.5
-66.2
-66.8
-67.4
-67.9
-68.5
-69.1
-69.7
-70.3
-70.8
-71.4
-71.9
-72.4
-73.0
-73.5
-74.0
-74.5
-75.1
-75.6
-76.1
-76.5
-77.0
-77.5
-78.0
-78.4
-78.9
-79.4
-79.8
-80.3
-80.7
-81.1
-81.5
-82.0
-82.4
-82.8
-83.2
-83.6
-84.0
-84.4
-84.8
-85.2
-85.6
-85.9
-86.3
-86.7
-87.0
-87.4
-87.7
-88.1
-88.4
-88.8
-89.1
-89.4
-89.8
-90.1
-90.4
-90.7
-91.0
-91.3
-91.6
-91.9
-92.2
-92.5
-92.8
-93.1
-93.4
-93.7
-93.9
-94.2
-94.5
-94.7
-95.0
-95.2
-95.5
-95.7
-96.0
-96.2
-96.5
-96.7
-97.0
-97.2
-97.4
-97.6
-97.9
-98.1
-98.3
-98.5
-98.7
-98.9
-99.1
-99.3
-99.5
-99.7
-99.9
-100.2
-100.3
-100.5
-100.7
-100.9
-101.1
-101.3
-101.4
-101.6
-101.8
-102.0
-102.1
-102.3
-102.4
-102.6
-102.8
-102.9
-103.1
-103.2
-103.4
-103.5
-103.7
-103.8
-104.0
-104.1
-104.2
-104.4
-104.5
-104.7
-104.8
-104.9
-105.0
-105.2
