#     MIDPT
     52291.
     52225.
     51677.
     48918.
     43697.
     38008.
     33134.
     28879.
     25167.
     21894.
     19050.
     16603.
     14429.
     12566.
     10954.
      9539.
      8323.
      7242.
      6312.
      5506.
      4803.
      4192.
      3655.
      3186.
      2780.
      2426.
      2114.
      1845.
      1612.
      1410.
      1230.
      1076.
      942.2
      833.7
      731.3
      632.9
      555.1
      485.6
      425.4
      372.4
      326.6
      285.9
      250.5
      219.9
      195.5
       167.
      146.2
      127.9
      107.6
      95.39
      82.89
      72.51
      63.77
      55.16
      47.48
      40.83
      34.48
      30.14
      26.02
      31.71
      19.23
      15.27
      13.14
      10.31
      14.93
      7.999
      5.794
      9.997
      4.006
       2.04
      2.007
     0.1344
      1.084
    -0.1081
      0.016
    -0.8993
        -1.
     -2.099
    -0.9202
     -1.172
     -2.122
      5.965
     -1.998
     -3.072
     -2.919
     -3.964
      4.992
     -3.132
     -4.104
     -2.923
      -4.02
     -3.176
      1.887
     -3.071
     -2.969
     -2.935
     -3.993
     -3.056
     -2.039
     -3.025
     -3.058
     -3.953
     -3.893
     -3.019
     -3.162
     -3.051
     -2.969
     -2.958
      5.092
     -2.967
     -4.906
     -2.162
      -3.06
      8.006
     -2.995
    -0.9996
     -2.993
     -3.246
     -3.032
     -2.958
      -3.98
     -4.016
     -3.946
     -4.006
     -2.983
     -3.068
     -4.001
     -3.036
      -2.12
     -2.975
      7.923
     -3.913
     -4.932
     -4.165
   -0.08484
     -4.149
      6.016
     -3.029
     -3.924
     -2.961
     -2.886
     -3.883
      8.051
     -6.182
      -3.07
     -2.006
     -4.155
     -4.043
     -2.943
     -3.986
     -3.982
      1.905
     -3.973
     -4.077
     -4.058
     -4.047
     -2.932
     -3.911
     -5.982
     -3.067
     -3.031
     -3.948
     -3.978
     -3.976
     -4.033
     -3.006
     -2.071
     -3.901
     -3.954
      4.041
     -3.914
     -3.924
     -3.955
     -2.101
      -3.93
     -2.177
      -2.96
     -4.021
     -4.052
     -4.031
     -3.019
      -3.98
     -4.056
     -4.111
     -4.008
     -4.058
     -2.951
     -4.073
     -3.973
     -3.955
     -3.976
     -3.968
     -4.998
     -4.034
     -3.927
     -3.991
     -3.866
     -4.864
     -3.991
     -3.948
