1.500000E+2			3.527173E-6			4.584291E-7			4.461525E-1			1.319647E-1			3.102276E+1			5.185368E-3
1.501000E+2			3.568793E-6			2.356939E-7			1.194902E-1			2.542696E-1			3.102276E+1			5.185368E-3
1.502000E+2			2.794477E-6			2.546540E-7			-3.254342E-2			2.338027E-1			3.102276E+1			5.185368E-3
1.503000E+2			3.221692E-6			5.637972E-7			2.431084E-1			1.862852E-1			3.102276E+1			5.185368E-3
1.504000E+2			2.242655E-6			2.591645E-7			1.221551E-1			1.388053E-1			3.102795E+1			3.570612E-16
1.505000E+2			2.107115E-6			2.969006E-7			-1.769229E-1			1.216959E-1			3.101758E+1			7.296087E-3
1.506000E+2			2.673801E-6			5.229620E-7			-1.412515E-2			2.014386E-1			3.102276E+1			5.185368E-3
1.507000E+2			2.235838E-6			1.535600E-7			2.614656E-2			1.073801E-1			3.101758E+1			7.296087E-3
1.508000E+2			2.369684E-6			1.316938E-7			1.718045E-2			6.818665E-2			3.102276E+1			5.185368E-3
1.509000E+2			2.243806E-6			1.123116E-7			-2.997752E-2			4.681690E-2			3.101758E+1			7.296087E-3
1.510000E+2			2.071209E-6			9.495358E-8			1.033029E-1			4.822957E-2			3.102276E+1			5.185368E-3
1.511000E+2			2.071036E-6			8.877249E-8			5.056449E-2			3.948387E-2			3.101239E+1			8.890138E-3
1.512000E+2			2.122271E-6			7.503604E-8			8.057680E-2			4.093186E-2			3.101758E+1			7.296087E-3
1.513000E+2			2.179319E-6			8.639116E-8			7.791335E-2			4.158033E-2			3.100720E+1			1.021239E-2
1.514000E+2			2.036500E-6			7.532911E-8			4.454561E-2			3.767122E-2			3.102276E+1			5.185368E-3
1.515000E+2			2.236561E-6			7.691467E-8			3.889722E-2			3.542470E-2			3.101239E+1			8.890138E-3
1.516000E+2			2.233537E-6			7.183544E-8			5.694209E-2			3.065618E-2			3.098646E+1			1.413842E-2
1.517000E+2			2.212401E-6			7.804540E-8			7.716822E-2			3.658929E-2			3.097609E+1			1.563447E-2
1.518000E+2			2.365706E-6			7.730807E-8			8.351446E-2			2.523161E-2			3.101239E+1			8.890138E-3
1.519000E+2			2.311778E-6			5.449032E-8			9.913633E-2			2.904000E-2			3.101758E+1			7.296087E-3
1.520000E+2			2.230869E-6			4.722678E-8			7.351107E-2			2.310246E-2			3.099683E+1			1.237661E-2
1.521000E+2			2.462046E-6			4.684901E-8			7.179281E-2			2.102166E-2			3.100720E+1			1.021239E-2
1.522000E+2			2.458587E-6			4.112552E-8			6.444230E-2			1.698595E-2			3.097091E+1			1.630622E-2
1.523000E+2			2.498081E-6			4.374240E-8			6.373299E-2			1.896016E-2			3.098646E+1			1.413842E-2
1.524000E+2			2.557188E-6			3.977297E-8			9.679842E-2			1.773827E-2			3.098128E+1			1.491434E-2
1.525000E+2			2.486490E-6			4.248012E-8			9.300044E-2			1.664257E-2			3.100202E+1			1.135818E-2
1.526000E+2			2.581243E-6			4.681469E-8			7.298315E-2			1.480404E-2			3.099165E+1			1.329696E-2
1.527000E+2			2.610253E-6			3.764141E-8			7.183630E-2			1.860782E-2			3.099165E+1			1.329696E-2
1.528000E+2			2.610701E-6			3.872260E-8			1.100584E-1			1.706309E-2			3.097609E+1			1.563447E-2
1.529000E+2			2.667462E-6			4.595973E-8			1.153890E-1			1.193978E-2			3.096054E+1			1.752642E-2
1.530000E+2			2.662296E-6			6.439489E-8			9.706431E-2			1.568875E-2			3.097091E+1			1.630622E-2
1.531000E+2			2.747124E-6			5.782404E-8			1.291242E-1			1.706196E-2			3.097609E+1			1.563447E-2
1.532000E+2			2.795637E-6			4.553946E-8			8.872627E-2			1.333113E-2			3.096054E+1			1.752642E-2
1.533000E+2			2.782258E-6			3.571909E-8			7.274949E-2			1.530743E-2			3.096054E+1			1.752642E-2
1.534000E+2			2.912624E-6			3.470991E-8			8.767293E-2			1.273346E-2			3.093461E+1			2.002189E-2
1.535000E+2			2.902524E-6			3.337161E-8			1.075498E-1			8.372019E-3			3.093461E+1			2.002189E-2
1.536000E+2			2.983313E-6			3.730919E-8			9.875357E-2			1.236614E-2			3.093461E+1			2.002189E-2
1.537000E+2			3.015871E-6			3.084317E-8			1.090719E-1			9.313117E-3			3.097091E+1			1.630622E-2
1.538000E+2			3.009138E-6			3.162273E-8			1.203827E-1			1.358609E-2			3.095017E+1			1.860874E-2
1.539000E+2			3.079346E-6			3.689154E-8			1.393906E-1			1.061560E-2			3.092942E+1			2.044473E-2
1.540000E+2			3.173516E-6			3.935865E-8			1.283207E-1			1.619930E-2			3.092942E+1			2.044473E-2
1.541000E+2			3.230733E-6			3.313224E-8			1.182741E-1			1.294211E-2			3.095535E+1			1.808320E-2
1.542000E+2			3.258533E-6			3.567840E-8			1.364731E-1			1.504874E-2			3.096054E+1			1.752642E-2
1.543000E+2			3.395236E-6			3.919705E-8			1.503611E-1			1.141788E-2			3.092424E+1			2.084596E-2
1.544000E+2			3.379295E-6			3.435921E-8			1.560301E-1			1.261028E-2			3.095017E+1			1.860874E-2
1.545000E+2			3.390850E-6			4.207590E-8			1.525679E-1			1.097792E-2			3.093979E+1			1.957607E-2
1.546000E+2			3.487583E-6			4.548375E-8			1.433446E-1			1.405751E-2			3.090350E+1			2.225740E-2
1.547000E+2			3.544121E-6			3.795770E-8			1.700291E-1			1.093128E-2			3.092942E+1			2.044473E-2
1.548000E+2			3.691905E-6			4.921640E-8			1.665219E-1			1.327318E-2			3.092424E+1			2.084596E-2
1.549000E+2			3.718186E-6			4.874346E-8			1.619483E-1			1.213751E-2			3.092424E+1			2.084596E-2
1.550000E+2			3.705642E-6			5.050818E-8			1.972033E-1			1.385655E-2			3.090350E+1			2.225740E-2
1.551000E+2			3.858755E-6			3.415783E-8			1.989432E-1			1.520445E-2			3.090868E+1			2.193165E-2
1.552000E+2			3.865603E-6			4.933212E-8			1.661418E-1			1.198124E-2			3.090350E+1			2.225740E-2
1.553000E+2			4.074283E-6			5.637943E-8			2.090802E-1			1.177501E-2			3.089313E+1			2.285938E-2
1.554000E+2			4.078498E-6			4.749737E-8			2.237037E-1			1.222532E-2			3.090868E+1			2.193165E-2
1.555000E+2			4.124384E-6			5.198208E-8			2.235864E-1			1.156418E-2			3.088794E+1			2.313691E-2
1.556000E+2			4.281560E-6			5.223291E-8			2.081586E-1			8.271776E-3			3.089313E+1			2.285938E-2
1.557000E+2			4.296629E-6			4.796217E-8			2.358721E-1			1.222297E-2			3.090868E+1			2.193165E-2
1.558000E+2			4.387515E-6			3.978385E-8			2.546369E-1			9.689456E-3			3.091387E+1			2.158841E-2
1.559000E+2			4.563082E-6			4.571452E-8			2.555695E-1			1.069910E-2			3.089831E+1			2.256642E-2
1.560000E+2			4.641080E-6			3.317156E-8			2.478262E-1			8.493011E-3			3.093461E+1			2.002189E-2
1.561000E+2			4.792719E-6			3.441756E-8			2.749639E-1			8.623482E-3			3.088794E+1			2.313691E-2
1.562000E+2			4.933200E-6			4.299230E-8			2.765446E-1			1.016616E-2			3.088794E+1			2.313691E-2
1.563000E+2			5.080143E-6			6.004920E-8			2.949176E-1			9.170598E-3			3.088794E+1			2.313691E-2
1.564000E+2			5.134883E-6			4.285613E-8			2.843526E-1			9.123711E-3			3.087757E+1			2.364777E-2
1.565000E+2			5.357042E-6			4.164549E-8			3.081990E-1			1.210889E-2			3.087238E+1			2.388205E-2
1.566000E+2			5.481719E-6			7.450654E-8			3.277520E-1			1.024701E-2			3.086201E+1			2.431036E-2
1.567000E+2			5.540362E-6			5.597798E-8			3.222244E-1			6.840952E-3			3.089313E+1			2.285938E-2
1.568000E+2			5.724422E-6			6.817370E-8			3.534349E-1			1.124826E-2			3.088794E+1			2.313691E-2
1.569000E+2			5.963948E-6			4.461286E-8			3.502008E-1			9.321156E-3			3.084646E+1			2.485723E-2
1.570000E+2			6.106905E-6			5.701473E-8			3.857443E-1			7.569745E-3			3.091387E+1			2.158841E-2
1.571000E+2			6.258248E-6			6.005553E-8			4.128062E-1			8.240644E-3			3.088276E+1			2.339954E-2
1.572000E+2			6.487384E-6			6.789634E-8			4.060813E-1			8.686031E-3			3.089831E+1			2.256642E-2
1.573000E+2			6.701999E-6			8.333314E-8			4.253361E-1			9.544973E-3			3.085683E+1			2.450509E-2
1.574000E+2			6.850732E-6			5.946477E-8			4.618235E-1			1.118552E-2			3.093461E+1			2.002189E-2
1.575000E+2			7.207277E-6			7.517473E-8			4.786910E-1			8.549957E-3			3.088794E+1			2.313691E-2
1.576000E+2			7.320032E-6			6.106584E-8			4.740103E-1			8.574479E-3			3.092424E+1			2.084596E-2
1.577000E+2			7.517023E-6			8.154773E-8			5.393293E-1			8.465098E-3			3.089313E+1			2.285938E-2
1.578000E+2			7.936017E-6			5.954530E-8			5.588683E-1			7.302849E-3			3.086720E+1			2.410279E-2
1.579000E+2			8.192616E-6			6.963359E-8			5.700815E-1			1.135911E-2			3.089313E+1			2.285938E-2
1.580000E+2			8.479942E-6			7.417038E-8			6.130779E-1			7.083704E-3			3.092942E+1			2.044473E-2
1.581000E+2			8.731902E-6			1.028352E-7			6.257043E-1			1.046593E-2			3.085683E+1			2.450509E-2
1.582000E+2			9.053675E-6			1.269518E-7			6.789402E-1			1.615088E-2			3.091387E+1			2.158841E-2
1.583000E+2			9.377407E-6			8.096983E-8			7.219942E-1			1.046688E-2			3.084127E+1			2.501516E-2
1.584000E+2			9.822987E-6			9.770997E-8			7.537510E-1			9.186170E-3			3.087238E+1			2.388205E-2
1.585000E+2			1.005064E-5			1.012367E-7			7.877135E-1			1.446745E-2			3.089831E+1			2.256642E-2
1.586000E+2			1.044148E-5			1.130454E-7			8.275368E-1			1.114554E-2			3.087238E+1			2.388205E-2
1.587000E+2			1.101352E-5			1.015669E-7			8.759807E-1			1.242354E-2			3.090868E+1			2.193165E-2
1.588000E+2			1.112516E-5			9.311824E-8			9.215881E-1			1.245527E-2			3.087757E+1			2.364777E-2
1.589000E+2			1.151723E-5			1.012851E-7			9.904767E-1			7.496461E-3			3.089831E+1			2.256642E-2
1.590000E+2			1.194518E-5			9.674578E-8			1.043392E+0			8.704571E-3			3.086201E+1			2.431036E-2
1.591000E+2			1.225021E-5			8.966526E-8			1.085244E+0			9.061878E-3			3.090868E+1			2.193165E-2
1.592000E+2			1.256701E-5			7.644584E-8			1.157965E+0			1.060910E-2			3.084646E+1			2.485723E-2
1.593000E+2			1.296311E-5			9.989178E-8			1.231256E+0			1.057759E-2			3.086201E+1			2.431036E-2
1.594000E+2			1.308355E-5			1.155991E-7			1.314899E+0			1.166848E-2			3.084646E+1			2.485723E-2
1.595000E+2			1.318111E-5			1.325738E-7			1.357876E+0			1.347443E-2			3.085164E+1			2.468729E-2
1.596000E+2			1.302463E-5			1.349192E-7			1.434112E+0			1.120698E-2			3.084646E+1			2.485723E-2
1.597000E+2			1.318430E-5			1.137313E-7			1.495045E+0			8.621294E-3			3.085164E+1			2.468729E-2
1.598000E+2			1.290405E-5			1.040939E-7			1.608023E+0			9.068271E-3			3.085164E+1			2.468729E-2
1.599000E+2			1.299915E-5			1.269962E-7			1.673088E+0			1.289965E-2			3.087238E+1			2.388205E-2
1.600000E+2			1.285782E-5			1.345073E-7			1.730609E+0			1.052755E-2			3.084127E+1			2.501516E-2
1.601000E+2			1.247701E-5			1.686471E-7			1.797281E+0			1.088966E-2			3.084127E+1			2.501516E-2
1.602000E+2			1.214476E-5			1.268071E-7			1.875203E+0			8.141006E-3			3.080497E+1			2.580083E-2
1.603000E+2			1.194625E-5			8.346971E-8			1.912530E+0			1.144054E-2			3.083609E+1			2.516130E-2
1.604000E+2			1.146582E-5			1.189962E-7			1.979509E+0			1.345716E-2			3.080497E+1			2.580083E-2
1.605000E+2			1.135030E-5			9.771862E-8			2.035280E+0			9.172595E-3			3.080497E+1			2.580083E-2
1.606000E+2			1.055763E-5			1.246285E-7			2.092680E+0			8.656726E-3			3.085164E+1			2.468729E-2
1.607000E+2			1.019929E-5			6.895990E-8			2.152914E+0			1.103249E-2			3.087757E+1			2.364777E-2
1.608000E+2			1.002912E-5			1.023498E-7			2.170182E+0			6.668537E-3			3.080497E+1			2.580083E-2
1.609000E+2			9.802214E-6			1.191036E-7			2.225238E+0			8.903045E-3			3.082053E+1			2.553099E-2
1.610000E+2			9.332160E-6			9.016084E-8			2.250029E+0			1.217231E-2			3.081016E+1			2.572176E-2
1.611000E+2			8.884002E-6			8.685612E-8			2.297233E+0			7.290350E-3			3.084127E+1			2.501516E-2
1.612000E+2			8.572301E-6			7.493929E-8			2.321940E+0			5.915344E-3			3.081535E+1			2.563185E-2
1.613000E+2			8.246093E-6			5.807508E-8			2.377404E+0			1.021859E-2			3.081016E+1			2.572176E-2
1.614000E+2			8.046803E-6			6.733048E-8			2.394679E+0			9.361703E-3			3.080497E+1			2.580083E-2
1.615000E+2			7.873281E-6			6.315790E-8			2.417911E+0			9.810861E-3			3.081016E+1			2.572176E-2
1.616000E+2			7.421740E-6			6.755511E-8			2.427201E+0			1.043920E-2			3.081016E+1			2.572176E-2
1.617000E+2			7.305744E-6			6.384071E-8			2.468250E+0			1.011867E-2			3.077905E+1			2.603660E-2
1.618000E+2			7.022377E-6			4.020379E-8			2.482313E+0			8.185849E-3			3.078942E+1			2.597394E-2
1.619000E+2			6.833389E-6			6.391405E-8			2.509762E+0			1.055950E-2			3.081535E+1			2.563185E-2
1.620000E+2			6.543246E-6			5.457164E-8			2.513148E+0			1.131936E-2			3.087238E+1			2.388205E-2
1.621000E+2			6.351670E-6			4.785293E-8			2.536682E+0			8.747234E-3			3.079979E+1			2.586916E-2
1.622000E+2			6.263569E-6			5.946653E-8			2.587743E+0			1.180353E-2			3.080497E+1			2.580083E-2
1.623000E+2			6.026043E-6			7.371582E-8			2.593833E+0			9.577364E-3			3.078423E+1			2.601051E-2
1.624000E+2			5.934639E-6			6.657661E-8			2.610520E+0			9.838592E-3			3.076349E+1			2.605224E-2
1.625000E+2			5.666681E-6			4.226992E-8			2.584612E+0			9.918815E-3			3.080497E+1			2.580083E-2
1.626000E+2			5.513042E-6			6.326002E-8			2.640746E+0			7.955235E-3			3.077905E+1			2.603660E-2
1.627000E+2			5.223047E-6			5.709614E-8			2.647676E+0			1.074056E-2			3.078942E+1			2.597394E-2
1.628000E+2			5.264215E-6			5.213351E-8			2.617390E+0			1.047964E-2			3.075831E+1			2.603660E-2
1.629000E+2			5.038850E-6			4.235509E-8			2.674173E+0			1.025757E-2			3.077386E+1			2.605224E-2
1.630000E+2			4.947107E-6			5.753694E-8			2.664951E+0			9.232800E-3			3.076349E+1			2.605224E-2
1.631000E+2			4.766447E-6			4.899961E-8			2.685205E+0			9.546127E-3			3.077386E+1			2.605224E-2
1.632000E+2			4.659089E-6			5.240332E-8			2.714045E+0			8.607381E-3			3.073238E+1			2.580083E-2
1.633000E+2			4.552970E-6			4.945466E-8			2.693964E+0			1.157693E-2			3.072719E+1			2.572176E-2
1.634000E+2			4.578723E-6			3.730278E-8			2.718085E+0			7.411246E-3			3.071164E+1			2.541904E-2
1.635000E+2			4.407911E-6			4.264978E-8			2.728527E+0			1.160735E-2			3.074275E+1			2.592684E-2
1.636000E+2			4.241822E-6			4.946008E-8			2.744329E+0			1.122162E-2			3.072719E+1			2.572176E-2
1.637000E+2			4.186778E-6			4.373505E-8			2.735052E+0			9.204557E-3			3.076349E+1			2.605224E-2
1.638000E+2			4.115960E-6			3.762858E-8			2.727755E+0			1.283397E-2			3.072719E+1			2.572176E-2
1.639000E+2			3.998494E-6			4.228834E-8			2.739459E+0			1.195534E-2			3.071682E+1			2.553099E-2
1.640000E+2			3.880460E-6			4.381701E-8			2.741306E+0			1.072531E-2			3.071164E+1			2.541904E-2
1.641000E+2			3.796746E-6			4.392495E-8			2.766941E+0			1.057276E-2			3.075312E+1			2.601051E-2
1.642000E+2			3.835480E-6			4.921391E-8			2.757500E+0			1.054450E-2			3.073238E+1			2.580083E-2
1.643000E+2			3.757206E-6			5.254616E-8			2.792768E+0			1.860841E-2			3.074275E+1			2.592684E-2
1.644000E+2			3.612661E-6			5.215036E-8			2.800613E+0			1.608784E-2			3.074275E+1			2.592684E-2
1.645000E+2			3.603397E-6			4.259607E-8			2.753290E+0			1.737634E-2			3.077386E+1			2.605224E-2
1.646000E+2			3.530349E-6			7.853281E-8			2.790068E+0			2.262469E-2			3.069608E+1			2.501516E-2
1.647000E+2			3.517009E-6			9.893520E-8			2.790590E+0			3.071122E-2			3.070645E+1			2.529587E-2
1.648000E+2			3.357947E-6			1.102824E-7			2.807819E+0			2.787767E-2			3.067534E+1			2.431036E-2
1.649000E+2			3.335765E-6			1.128467E-7			2.786191E+0			3.823292E-2			3.070645E+1			2.529587E-2
1.650000E+2			2.900562E-6			1.082085E-7			2.908545E+0			2.886935E-2			3.077386E+1			2.605224E-2
1.651000E+2			3.269246E-6			1.410329E-7			2.811618E+0			4.235246E-2			3.071164E+1			2.541904E-2
1.652000E+2			3.136324E-6			1.171001E-7			2.833271E+0			2.954288E-2			3.072201E+1			2.563185E-2
1.653000E+2			3.084962E-6			8.993519E-8			2.859412E+0			3.009343E-2			3.075831E+1			2.603660E-2
1.654000E+2			3.073634E-6			7.359901E-8			2.825754E+0			2.898784E-2			3.070127E+1			2.516130E-2
1.655000E+2			3.036331E-6			6.146396E-8			2.836297E+0			1.716522E-2			3.068053E+1			2.450509E-2
1.656000E+2			2.989266E-6			6.151018E-8			2.820769E+0			2.182472E-2			3.064423E+1			2.285938E-2
1.657000E+2			2.872947E-6			3.640980E-8			2.862775E+0			1.567861E-2			3.070645E+1			2.529587E-2
1.658000E+2			2.865044E-6			4.163742E-8			2.854011E+0			1.810576E-2			3.067534E+1			2.431036E-2
1.659000E+2			2.760386E-6			3.823955E-8			2.840670E+0			1.357249E-2			3.072201E+1			2.563185E-2
1.660000E+2			2.790264E-6			4.256457E-8			2.861872E+0			1.560701E-2			3.067534E+1			2.431036E-2
1.661000E+2			2.715999E-6			2.672473E-8			2.853710E+0			1.661851E-2			3.074794E+1			2.597394E-2
1.662000E+2			2.705108E-6			4.167320E-8			2.893730E+0			1.368914E-2			3.068053E+1			2.450509E-2
1.663000E+2			2.613776E-6			3.031692E-8			2.856061E+0			1.412301E-2			3.067016E+1			2.410279E-2
1.664000E+2			2.666043E-6			3.152837E-8			2.862948E+0			1.442770E-2			3.068571E+1			2.468729E-2
1.665000E+2			2.535034E-6			2.961042E-8			2.892030E+0			1.526701E-2			3.071682E+1			2.553099E-2
1.666000E+2			2.594258E-6			2.992555E-8			2.892899E+0			1.360179E-2			3.069090E+1			2.485723E-2
1.667000E+2			2.475686E-6			3.686080E-8			2.866085E+0			1.621269E-2			3.065978E+1			2.364777E-2
1.668000E+2			2.436025E-6			2.598138E-8			2.883458E+0			1.258678E-2			3.064941E+1			2.313691E-2
1.669000E+2			2.429568E-6			2.483815E-8			2.878047E+0			1.711970E-2			3.068571E+1			2.468729E-2
1.670000E+2			2.383732E-6			3.301147E-8			2.897364E+0			1.185819E-2			3.067534E+1			2.431036E-2
1.671000E+2			2.393838E-6			3.352060E-8			2.907691E+0			1.277034E-2			3.067534E+1			2.431036E-2
1.672000E+2			2.394797E-6			3.257978E-8			2.914382E+0			1.789478E-2			3.067534E+1			2.431036E-2
1.673000E+2			2.250087E-6			3.178320E-8			2.906498E+0			1.422047E-2			3.065978E+1			2.364777E-2
1.674000E+2			2.299440E-6			2.996559E-8			2.912329E+0			9.447485E-3			3.067534E+1			2.431036E-2
1.675000E+2			2.181149E-6			2.822492E-8			2.894527E+0			1.792030E-2			3.064941E+1			2.313691E-2
1.676000E+2			2.225994E-6			3.169114E-8			2.911836E+0			2.221124E-2			3.064941E+1			2.313691E-2
1.677000E+2			2.189147E-6			4.035710E-8			2.876683E+0			1.414379E-2			3.064423E+1			2.285938E-2
1.678000E+2			2.205581E-6			3.572180E-8			2.898838E+0			1.531824E-2			3.061312E+1			2.084596E-2
1.679000E+2			2.182744E-6			2.964807E-8			2.930889E+0			1.383771E-2			3.066497E+1			2.388205E-2
1.680000E+2			2.101190E-6			2.910136E-8			2.931213E+0			2.028213E-2			3.065978E+1			2.364777E-2
1.681000E+2			2.054834E-6			1.857976E-8			2.911710E+0			1.527398E-2			3.067016E+1			2.410279E-2
1.682000E+2			2.091419E-6			2.892581E-8			2.919324E+0			1.520465E-2			3.064941E+1			2.313691E-2
1.683000E+2			2.080146E-6			3.726464E-8			2.633382E+0			2.946206E-1			3.070645E+1			2.529587E-2
1.684000E+2			1.915883E-6			3.224990E-8			2.937546E+0			1.206367E-2			3.064423E+1			2.285938E-2
1.685000E+2			2.032439E-6			3.742807E-8			2.913595E+0			2.403079E-2			3.063904E+1			2.256642E-2
1.686000E+2			1.989776E-6			4.866217E-8			2.915515E+0			2.541937E-2			3.063386E+1			2.225740E-2
1.687000E+2			1.937352E-6			4.463763E-8			2.624256E+0			2.926162E-1			3.065460E+1			2.339954E-2
1.688000E+2			1.961064E-6			3.403312E-8			2.914245E+0			2.785605E-2			3.068571E+1			2.468729E-2
1.689000E+2			2.003066E-6			4.946317E-8			2.625106E+0			2.960554E-1			3.065978E+1			2.364777E-2
1.690000E+2			1.809118E-6			5.225180E-8			2.626655E+0			2.964108E-1			3.062867E+1			2.193165E-2
1.691000E+2			1.898080E-6			4.462233E-8			2.060220E+0			4.854097E-1			3.061312E+1			2.084596E-2
1.692000E+2			1.844735E-6			6.991761E-8			2.357367E+0			4.056958E-1			3.070127E+1			2.516130E-2
1.693000E+2			1.897507E-6			9.015694E-8			1.462057E+0			5.800411E-1			3.065978E+1			2.364777E-2
1.694000E+2			1.872851E-6			9.884703E-8			5.879655E-1			6.524092E-1			3.063904E+1			2.256642E-2
1.695000E+2			1.822498E-6			1.072637E-7			5.206875E-1			6.353931E-1			3.064941E+1			2.313691E-2
1.696000E+2			1.861834E-6			1.314236E-7			5.779386E-1			6.428252E-1			3.059237E+1			1.910564E-2
1.697000E+2			1.872904E-6			2.118794E-7			8.832596E-1			6.000710E-1			3.064941E+1			2.313691E-2
1.698000E+2			1.982397E-6			2.195092E-7			2.809431E-1			6.160117E-1			3.067016E+1			2.410279E-2
1.699000E+2			1.955617E-6			2.142632E-7			4.758135E-1			5.822474E-1			3.064423E+1			2.285938E-2
1.700000E+2			2.426469E-6			2.079647E-7			8.384785E-1			5.732126E-1			3.070645E+1			2.529587E-2
1.701000E+2			2.074309E-6			2.202532E-7			3.391382E-1			5.741066E-1			3.062349E+1			2.158841E-2
