1.500000E+2			2.346198E-6			2.877002E-7			-1.349784E-1			2.031512E-1			3.233207E+1			7.778052E-3
1.501000E+2			2.300024E-6			2.787050E-7			3.661063E-1			1.921825E-1			3.236318E+1			1.703727E-2
1.502000E+2			2.257277E-6			2.141704E-7			-7.043124E-2			1.278110E-1			3.242540E+1			2.628963E-2
1.503000E+2			1.975650E-6			1.773266E-7			2.494118E-1			8.221083E-2			3.276764E+1			3.870124E-2
1.504000E+2			2.361318E-6			1.335245E-7			1.006172E-1			6.440089E-2			3.293098E+1			3.238261E-2
1.505000E+2			2.434100E-6			1.207686E-7			4.226650E-2			5.988358E-2			3.306320E+1			1.703727E-2
1.506000E+2			2.004653E-6			1.277967E-7			6.848194E-2			5.538200E-2			3.310209E+1			0.000000E+0
1.507000E+2			2.124965E-6			9.633911E-8			7.724505E-2			4.815932E-2			3.310209E+1			0.000000E+0
1.508000E+2			2.055391E-6			7.510175E-8			1.519906E-2			5.116494E-2			3.314358E+1			1.413842E-2
1.509000E+2			2.138835E-6			9.400054E-8			6.166324E-2			4.010816E-2			3.318506E+1			1.910564E-2
1.510000E+2			2.155582E-6			7.185213E-8			3.266131E-3			3.987454E-2			3.327321E+1			2.450509E-2
1.511000E+2			2.192163E-6			7.221198E-8			-3.808505E-2			3.569793E-2			3.341322E+1			2.553099E-2
1.512000E+2			2.337665E-6			7.488310E-8			1.569233E-2			2.668429E-2			3.348581E+1			2.285938E-2
1.513000E+2			2.162341E-6			6.558331E-8			6.947526E-2			2.867670E-2			3.354803E+1			1.808320E-2
1.514000E+2			2.151765E-6			6.356177E-8			2.296518E-2			2.862026E-2			3.359470E+1			1.135818E-2
1.515000E+2			2.216542E-6			6.616632E-8			5.873305E-2			2.485270E-2			3.362063E+1			0.000000E+0
1.516000E+2			2.250620E-6			4.773827E-8			2.301932E-2			2.486955E-2			3.362063E+1			0.000000E+0
1.517000E+2			2.210855E-6			6.049199E-8			6.024266E-2			2.517737E-2			3.362063E+1			0.000000E+0
1.518000E+2			2.388612E-6			5.326996E-8			6.755955E-2			2.072821E-2			3.362063E+1			0.000000E+0
1.519000E+2			2.340902E-6			4.672131E-8			6.613398E-2			2.275532E-2			3.362063E+1			0.000000E+0
1.520000E+2			2.278239E-6			5.227302E-8			5.485082E-2			1.825460E-2			3.362063E+1			0.000000E+0
1.521000E+2			2.395347E-6			4.289906E-8			9.328872E-2			2.022089E-2			3.362063E+1			0.000000E+0
1.522000E+2			2.367162E-6			4.692091E-8			4.913299E-2			2.191633E-2			3.362063E+1			0.000000E+0
1.523000E+2			2.470172E-6			4.010891E-8			9.206051E-2			1.796069E-2			3.362063E+1			0.000000E+0
1.524000E+2			2.495442E-6			3.729534E-8			7.545040E-2			1.492125E-2			3.362841E+1			7.778052E-3
1.525000E+2			2.495506E-6			4.269175E-8			7.523502E-2			1.891658E-2			3.362063E+1			0.000000E+0
1.526000E+2			2.571055E-6			3.241978E-8			8.814596E-2			1.488964E-2			3.362841E+1			7.778052E-3
1.527000E+2			2.536653E-6			3.951028E-8			8.237730E-2			1.491795E-2			3.362063E+1			0.000000E+0
1.528000E+2			2.629621E-6			5.462395E-8			8.272591E-2			1.134315E-2			3.363619E+1			1.094413E-2
1.529000E+2			2.702309E-6			4.287885E-8			9.338479E-2			1.595318E-2			3.363619E+1			1.094413E-2
1.530000E+2			2.738239E-6			4.541646E-8			1.096983E-1			1.374875E-2			3.363619E+1			1.094413E-2
1.531000E+2			2.781264E-6			5.002479E-8			1.228829E-1			1.562268E-2			3.366730E+1			1.856491E-2
1.532000E+2			2.801769E-6			4.321577E-8			8.301118E-2			1.894328E-2			3.368285E+1			2.120763E-2
1.533000E+2			2.901326E-6			5.206733E-8			5.950270E-2			1.774362E-2			3.369063E+1			2.237150E-2
1.534000E+2			2.861424E-6			6.676632E-8			7.421736E-2			2.032783E-2			3.368285E+1			2.120763E-2
1.535000E+2			3.030742E-6			5.242799E-8			8.021101E-2			1.729403E-2			3.378397E+1			3.184025E-2
1.536000E+2			2.949110E-6			6.564610E-8			8.442978E-2			2.182290E-2			3.372174E+1			2.628963E-2
1.537000E+2			3.147352E-6			5.952419E-8			1.250846E-1			1.522604E-2			3.380730E+1			3.338610E-2
1.538000E+2			3.004479E-6			4.930708E-8			1.017944E-1			1.868696E-2			3.383064E+1			3.470536E-2
1.539000E+2			3.096212E-6			5.137306E-8			1.226085E-1			1.448198E-2			3.385397E+1			3.582308E-2
1.540000E+2			3.203798E-6			5.107789E-8			1.340774E-1			1.645961E-2			3.391620E+1			3.794381E-2
1.541000E+2			3.308291E-6			3.650606E-8			1.345535E-1			1.596882E-2			3.383064E+1			3.470536E-2
1.542000E+2			3.281169E-6			4.639966E-8			1.483925E-1			1.278584E-2			3.387731E+1			3.675764E-2
1.543000E+2			3.388574E-6			3.432961E-8			1.531716E-1			1.406098E-2			3.396286E+1			3.880374E-2
1.544000E+2			3.477328E-6			4.360324E-8			1.509494E-1			1.163403E-2			3.397842E+1			3.896091E-2
1.545000E+2			3.376380E-6			5.103174E-8			1.421266E-1			1.370768E-2			3.410287E+1			3.794381E-2
1.546000E+2			3.537334E-6			3.875429E-8			1.922528E-1			1.467153E-2			3.410287E+1			3.794381E-2
1.547000E+2			3.617050E-6			5.785576E-8			2.092913E-1			1.246274E-2			3.410287E+1			3.794381E-2
1.548000E+2			3.635186E-6			4.836612E-8			1.569433E-1			1.968580E-2			3.411843E+1			3.752273E-2
1.549000E+2			3.699725E-6			3.890355E-8			1.726466E-1			1.688629E-2			3.416509E+1			3.582308E-2
1.550000E+2			3.841331E-6			6.701953E-8			1.692372E-1			1.339972E-2			3.416509E+1			3.582308E-2
1.551000E+2			3.899342E-6			5.453919E-8			2.208741E-1			1.217271E-2			3.415732E+1			3.615419E-2
1.552000E+2			3.910992E-6			5.821307E-8			1.990791E-1			1.341986E-2			3.425065E+1			3.066709E-2
1.553000E+2			4.020401E-6			4.707553E-8			2.045863E-1			1.180204E-2			3.426621E+1			2.936410E-2
1.554000E+2			4.133882E-6			6.203579E-8			2.258467E-1			1.017845E-2			3.426621E+1			2.936410E-2
1.555000E+2			4.230452E-6			4.660394E-8			2.300693E-1			1.032626E-2			3.427399E+1			2.865846E-2
1.556000E+2			4.317833E-6			6.040821E-8			2.266520E-1			1.080127E-2			3.425843E+1			3.003284E-2
1.557000E+2			4.323166E-6			4.926902E-8			2.511997E-1			1.320332E-2			3.428954E+1			2.712480E-2
1.558000E+2			4.467520E-6			6.248033E-8			2.372403E-1			1.012659E-2			3.428954E+1			2.712480E-2
1.559000E+2			4.499796E-6			5.050939E-8			2.769242E-1			1.104332E-2			3.430510E+1			2.540301E-2
1.560000E+2			4.722050E-6			4.167461E-8			2.523052E-1			9.915637E-3			3.433621E+1			2.120763E-2
1.561000E+2			4.901428E-6			4.780522E-8			2.762032E-1			1.180184E-2			3.435954E+1			1.703727E-2
1.562000E+2			4.938633E-6			4.360191E-8			2.879190E-1			9.763181E-3			3.431288E+1			2.445933E-2
1.563000E+2			5.120470E-6			4.580498E-8			3.037819E-1			1.066707E-2			3.432843E+1			2.237150E-2
1.564000E+2			5.190793E-6			4.491726E-8			3.075199E-1			1.015789E-2			3.435177E+1			1.856491E-2
1.565000E+2			5.378963E-6			5.341454E-8			3.278512E-1			7.219590E-3			3.433621E+1			2.120763E-2
1.566000E+2			5.552216E-6			6.384641E-8			3.347491E-1			1.233556E-2			3.438288E+1			1.094413E-2
1.567000E+2			5.656536E-6			4.409275E-8			3.576335E-1			9.459865E-3			3.436732E+1			1.531859E-2
1.568000E+2			5.803238E-6			4.589146E-8			3.546768E-1			8.113377E-3			3.432843E+1			2.237150E-2
1.569000E+2			6.039847E-6			4.955881E-8			3.753163E-1			1.091681E-2			3.435177E+1			1.856491E-2
1.570000E+2			6.172239E-6			4.475662E-8			4.101163E-1			1.110236E-2			3.435177E+1			1.856491E-2
1.571000E+2			6.464841E-6			5.608345E-8			4.302604E-1			1.079832E-2			3.437510E+1			1.333521E-2
1.572000E+2			6.584623E-6			6.608724E-8			4.418516E-1			9.881164E-3			3.439066E+1			7.778052E-3
1.573000E+2			6.711210E-6			5.683451E-8			4.689296E-1			1.148924E-2			3.436732E+1			1.531859E-2
1.574000E+2			7.166356E-6			6.212406E-8			4.856632E-1			1.163743E-2			3.436732E+1			1.531859E-2
1.575000E+2			7.392980E-6			5.593081E-8			4.728543E-1			1.216607E-2			3.437510E+1			1.333521E-2
1.576000E+2			7.580591E-6			8.377249E-8			5.104949E-1			8.782521E-3			3.438288E+1			1.094413E-2
1.577000E+2			7.835791E-6			7.735105E-8			5.461993E-1			8.258425E-3			3.436732E+1			1.531859E-2
1.578000E+2			8.158557E-6			7.659148E-8			5.699437E-1			8.274543E-3			3.439066E+1			7.778052E-3
1.579000E+2			8.422548E-6			7.794169E-8			6.120892E-1			8.825737E-3			3.439843E+1			7.141223E-16
1.580000E+2			8.691392E-6			7.018174E-8			6.360772E-1			1.158145E-2			3.438029E+1			1.439306E-2
1.581000E+2			9.043760E-6			1.105348E-7			6.860055E-1			9.703971E-3			3.440362E+1			5.185368E-3
1.582000E+2			9.330986E-6			9.261824E-8			7.209008E-1			7.866170E-3			3.439843E+1			7.141223E-16
1.583000E+2			9.712764E-6			1.089342E-7			7.606570E-1			7.840686E-3			3.439066E+1			7.778052E-3
1.584000E+2			9.953880E-6			9.144632E-8			7.799755E-1			9.134096E-3			3.439325E+1			1.327652E-2
1.585000E+2			1.038992E-5			1.160570E-7			8.561533E-1			1.088913E-2			3.437510E+1			1.333521E-2
1.586000E+2			1.083745E-5			9.716410E-8			9.025657E-1			1.208844E-2			3.439843E+1			7.141223E-16
1.587000E+2			1.107248E-5			1.293441E-7			9.584674E-1			1.154783E-2			3.439843E+1			7.141223E-16
1.588000E+2			1.153350E-5			9.290503E-8			9.756554E-1			7.255324E-3			3.439066E+1			7.778052E-3
1.589000E+2			1.196777E-5			1.109492E-7			1.064234E+0			9.679545E-3			3.439843E+1			7.141223E-16
1.590000E+2			1.217805E-5			1.546332E-7			1.120053E+0			8.896078E-3			3.438288E+1			1.094413E-2
1.591000E+2			1.248147E-5			1.367143E-7			1.203065E+0			1.057200E-2			3.439843E+1			7.141223E-16
1.592000E+2			1.296096E-5			1.227644E-7			1.238292E+0			8.615787E-3			3.438806E+1			1.217750E-2
1.593000E+2			1.302482E-5			1.189470E-7			1.322705E+0			9.369738E-3			3.438288E+1			1.094413E-2
1.594000E+2			1.312636E-5			1.440039E-7			1.403927E+0			1.077835E-2			3.440362E+1			5.185368E-3
1.595000E+2			1.312148E-5			1.634127E-7			1.452425E+0			9.987136E-3			3.438288E+1			1.094413E-2
1.596000E+2			1.296235E-5			1.174464E-7			1.541721E+0			7.237110E-3			3.440362E+1			5.185368E-3
1.597000E+2			1.287108E-5			1.255169E-7			1.625727E+0			1.290594E-2			3.439843E+1			7.141223E-16
1.598000E+2			1.257812E-5			1.206807E-7			1.696254E+0			7.206313E-3			3.439584E+1			9.391535E-3
1.599000E+2			1.223293E-5			9.917068E-8			1.774088E+0			1.463926E-2			3.439843E+1			7.141223E-16
1.600000E+2			1.221566E-5			1.468326E-7			1.837956E+0			6.697529E-3			3.439843E+1			7.141223E-16
1.601000E+2			1.229797E-5			8.518331E-8			1.881877E+0			1.274217E-2			3.437510E+1			1.333521E-2
1.602000E+2			1.154265E-5			1.238604E-7			1.966747E+0			1.150058E-2			3.439584E+1			9.391535E-3
1.603000E+2			1.119896E-5			1.230275E-7			2.006581E+0			1.107273E-2			3.439066E+1			7.778052E-3
1.604000E+2			1.073108E-5			1.051799E-7			2.067436E+0			7.715636E-3			3.439066E+1			7.778052E-3
1.605000E+2			1.047669E-5			8.496637E-8			2.098672E+0			1.214547E-2			3.440362E+1			5.185368E-3
1.606000E+2			1.014149E-5			8.654854E-8			2.152257E+0			7.707640E-3			3.439843E+1			7.141223E-16
1.607000E+2			9.670877E-6			6.591959E-8			2.205018E+0			9.472939E-3			3.439843E+1			7.141223E-16
1.608000E+2			9.262142E-6			1.096086E-7			2.240081E+0			1.015395E-2			3.439843E+1			7.141223E-16
1.609000E+2			8.989389E-6			8.496269E-8			2.270505E+0			8.625883E-3			3.439843E+1			7.141223E-16
1.610000E+2			8.802810E-6			7.847860E-8			2.318093E+0			1.028360E-2			3.439843E+1			7.141223E-16
1.611000E+2			8.376625E-6			7.251438E-8			2.338847E+0			6.372014E-3			3.439843E+1			7.141223E-16
1.612000E+2			7.977833E-6			7.346347E-8			2.381117E+0			9.033948E-3			3.439584E+1			9.391535E-3
1.613000E+2			7.887216E-6			6.549217E-8			2.416030E+0			8.819314E-3			3.439066E+1			7.778052E-3
1.614000E+2			7.334340E-6			4.933749E-8			2.439294E+0			1.358725E-2			3.440362E+1			5.185368E-3
1.615000E+2			7.256210E-6			5.735524E-8			2.478891E+0			9.555530E-3			3.440362E+1			5.185368E-3
1.616000E+2			6.952930E-6			4.471734E-8			2.474814E+0			1.037530E-2			3.440362E+1			5.185368E-3
1.617000E+2			6.855525E-6			5.085546E-8			2.495580E+0			1.078949E-2			3.439066E+1			7.778052E-3
1.618000E+2			6.603081E-6			6.756234E-8			2.529925E+0			8.864931E-3			3.439066E+1			7.778052E-3
1.619000E+2			6.429133E-6			5.310357E-8			2.525697E+0			8.646590E-3			3.439066E+1			7.778052E-3
1.620000E+2			6.284365E-6			6.762552E-8			2.557517E+0			1.175810E-2			3.440621E+1			1.191541E-2
1.621000E+2			5.949786E-6			4.280686E-8			2.556503E+0			6.550714E-3			3.439584E+1			9.391535E-3
1.622000E+2			5.845161E-6			6.936755E-8			2.609760E+0			7.864249E-3			3.439066E+1			7.778052E-3
1.623000E+2			5.679121E-6			5.459901E-8			2.593736E+0			1.164241E-2			3.439843E+1			7.141223E-16
1.624000E+2			5.483542E-6			5.913320E-8			2.623916E+0			9.901951E-3			3.440362E+1			5.185368E-3
1.625000E+2			5.415797E-6			5.048053E-8			2.633832E+0			1.079648E-2			3.439843E+1			7.141223E-16
1.626000E+2			5.194839E-6			5.243761E-8			2.632779E+0			8.506728E-3			3.439843E+1			7.141223E-16
1.627000E+2			5.090398E-6			5.308530E-8			2.663493E+0			8.765247E-3			3.439066E+1			7.778052E-3
1.628000E+2			4.979627E-6			4.020681E-8			2.645725E+0			7.544955E-3			3.439843E+1			7.141223E-16
1.629000E+2			4.829576E-6			3.924705E-8			2.664371E+0			8.127381E-3			3.440362E+1			5.185368E-3
1.630000E+2			4.625392E-6			4.593307E-8			2.689045E+0			1.198007E-2			3.439843E+1			7.141223E-16
1.631000E+2			4.581403E-6			4.084849E-8			2.711322E+0			9.382750E-3			3.440881E+1			7.296087E-3
1.632000E+2			4.440521E-6			4.940488E-8			2.709066E+0			9.429363E-3			3.439584E+1			9.391535E-3
1.633000E+2			4.275173E-6			4.360905E-8			2.704889E+0			1.232671E-2			3.438806E+1			1.217750E-2
1.634000E+2			4.256027E-6			4.814485E-8			2.712360E+0			1.206782E-2			3.439584E+1			9.391535E-3
1.635000E+2			4.102068E-6			4.020217E-8			2.721195E+0			9.616405E-3			3.439066E+1			7.778052E-3
1.636000E+2			4.065832E-6			4.111521E-8			2.739617E+0			8.802070E-3			3.439843E+1			7.141223E-16
1.637000E+2			3.926859E-6			4.176454E-8			2.739589E+0			9.301183E-3			3.439843E+1			7.141223E-16
1.638000E+2			3.896614E-6			5.600319E-8			2.738994E+0			1.084411E-2			3.438288E+1			1.094413E-2
1.639000E+2			3.816147E-6			3.674031E-8			2.726593E+0			1.080564E-2			3.438806E+1			1.217750E-2
1.640000E+2			3.751842E-6			4.189225E-8			2.765453E+0			1.113967E-2			3.439843E+1			7.141223E-16
1.641000E+2			3.640153E-6			3.862779E-8			2.783051E+0			1.359048E-2			3.438288E+1			1.094413E-2
1.642000E+2			3.617953E-6			3.886444E-8			2.780687E+0			8.525037E-3			3.440103E+1			1.074060E-2
1.643000E+2			3.496724E-6			4.621932E-8			2.810099E+0			9.751502E-3			3.440881E+1			7.296087E-3
1.644000E+2			3.438860E-6			3.980984E-8			2.802430E+0			1.941656E-2			3.440362E+1			5.185368E-3
1.645000E+2			3.367930E-6			5.035619E-8			2.784748E+0			1.651003E-2			3.439066E+1			7.778052E-3
1.646000E+2			3.417425E-6			6.093584E-8			2.836620E+0			2.210844E-2			3.439843E+1			7.141223E-16
1.647000E+2			3.335405E-6			7.609880E-8			2.787684E+0			2.241926E-2			3.439325E+1			1.327652E-2
1.648000E+2			3.287155E-6			9.477702E-8			2.812636E+0			2.786180E-2			3.439066E+1			7.778052E-3
1.649000E+2			3.256164E-6			1.254841E-7			2.816558E+0			3.470690E-2			3.439843E+1			7.141223E-16
1.650000E+2			3.265776E-6			1.290315E-7			2.485937E+0			2.924160E-1			3.440103E+1			1.074060E-2
1.651000E+2			3.344941E-6			1.429861E-7			2.746043E+0			3.864418E-2			3.438806E+1			1.217750E-2
1.652000E+2			3.058156E-6			1.295784E-7			2.848580E+0			4.126282E-2			3.439066E+1			7.778052E-3
1.653000E+2			3.031107E-6			9.968240E-8			2.837658E+0			4.451350E-2			3.440362E+1			5.185368E-3
1.654000E+2			2.940475E-6			8.975310E-8			2.833825E+0			3.021908E-2			3.438288E+1			1.094413E-2
1.655000E+2			2.863604E-6			7.024739E-8			2.859230E+0			3.183475E-2			3.440362E+1			5.185368E-3
1.656000E+2			2.775772E-6			4.702514E-8			2.849844E+0			1.835038E-2			3.438288E+1			1.094413E-2
1.657000E+2			2.796771E-6			4.213393E-8			2.855204E+0			1.375354E-2			3.439325E+1			1.327652E-2
1.658000E+2			2.687605E-6			4.652541E-8			2.871875E+0			1.633572E-2			3.439584E+1			9.391535E-3
1.659000E+2			2.694167E-6			3.722691E-8			2.854687E+0			1.457455E-2			3.437510E+1			1.333521E-2
1.660000E+2			2.669509E-6			3.530852E-8			2.877129E+0			1.319767E-2			3.438288E+1			1.094413E-2
1.661000E+2			2.674510E-6			3.015802E-8			2.869324E+0			1.039731E-2			3.438288E+1			1.094413E-2
1.662000E+2			2.594173E-6			2.735993E-8			2.883994E+0			1.211524E-2			3.439066E+1			7.778052E-3
1.663000E+2			2.565878E-6			2.541767E-8			2.869643E+0			1.146310E-2			3.439066E+1			7.778052E-3
1.664000E+2			2.510494E-6			2.083908E-8			2.883836E+0			1.310765E-2			3.439066E+1			7.778052E-3
1.665000E+2			2.428454E-6			3.128916E-8			2.871795E+0			1.341654E-2			3.438288E+1			1.094413E-2
1.666000E+2			2.468123E-6			2.425640E-8			2.873805E+0			1.144366E-2			3.438288E+1			1.094413E-2
1.667000E+2			2.452807E-6			2.184752E-8			2.896903E+0			9.372375E-3			3.436732E+1			1.531859E-2
1.668000E+2			2.338470E-6			2.500217E-8			2.860506E+0			1.195709E-2			3.437510E+1			1.333521E-2
1.669000E+2			2.358906E-6			2.311738E-8			2.891718E+0			9.272999E-3			3.438288E+1			1.094413E-2
1.670000E+2			2.298298E-6			2.143567E-8			2.892060E+0			1.291225E-2			3.439843E+1			7.141223E-16
1.671000E+2			2.280230E-6			2.559007E-8			2.907339E+0			1.408832E-2			3.440362E+1			5.185368E-3
1.672000E+2			2.263977E-6			3.025624E-8			2.908554E+0			1.298367E-2			3.439843E+1			7.141223E-16
1.673000E+2			2.262265E-6			3.080605E-8			2.913053E+0			1.161556E-2			3.439584E+1			9.391535E-3
1.674000E+2			2.165125E-6			2.130607E-8			2.895172E+0			1.199718E-2			3.437510E+1			1.333521E-2
1.675000E+2			2.165465E-6			2.707839E-8			2.910252E+0			1.076972E-2			3.438288E+1			1.094413E-2
1.676000E+2			2.174800E-6			2.067831E-8			2.901635E+0			1.323768E-2			3.439843E+1			7.141223E-16
1.677000E+2			2.104036E-6			2.202253E-8			2.890583E+0			1.208863E-2			3.436732E+1			1.531859E-2
1.678000E+2			2.053681E-6			3.415989E-8			2.896758E+0			1.174409E-2			3.437510E+1			1.333521E-2
1.679000E+2			2.028746E-6			2.473672E-8			2.889484E+0			9.946163E-3			3.439066E+1			7.778052E-3
1.680000E+2			2.055406E-6			3.159342E-8			2.955428E+0			1.469828E-2			3.435954E+1			1.703727E-2
1.681000E+2			2.028655E-6			2.778186E-8			2.905133E+0			1.322105E-2			3.438288E+1			1.094413E-2
1.682000E+2			1.950931E-6			2.291657E-8			2.921100E+0			1.306512E-2			3.438288E+1			1.094413E-2
1.683000E+2			1.963181E-6			3.004115E-8			2.907341E+0			1.607111E-2			3.439584E+1			9.391535E-3
1.684000E+2			2.007684E-6			2.595602E-8			2.934915E+0			1.431461E-2			3.439843E+1			7.141223E-16
1.685000E+2			1.928638E-6			2.460122E-8			2.928922E+0			1.901058E-2			3.437510E+1			1.333521E-2
1.686000E+2			1.892889E-6			3.265775E-8			2.916803E+0			1.335265E-2			3.438288E+1			1.094413E-2
1.687000E+2			1.903084E-6			1.761134E-8			2.966884E+0			1.801689E-2			3.437510E+1			1.333521E-2
1.688000E+2			1.894704E-6			2.599559E-8			2.948553E+0			1.844215E-2			3.436732E+1			1.531859E-2
1.689000E+2			1.930382E-6			3.472420E-8			2.947123E+0			1.278764E-2			3.439066E+1			7.778052E-3
1.690000E+2			1.809953E-6			3.185457E-8			2.940752E+0			1.472845E-2			3.439066E+1			7.778052E-3
1.691000E+2			1.849818E-6			3.034708E-8			2.938214E+0			1.566622E-2			3.435954E+1			1.703727E-2
1.692000E+2			1.816463E-6			3.926940E-8			2.952929E+0			1.477142E-2			3.435177E+1			1.856491E-2
1.693000E+2			1.816117E-6			2.949098E-8			2.944509E+0			1.746025E-2			3.438288E+1			1.094413E-2
1.694000E+2			1.764026E-6			2.961310E-8			2.960153E+0			2.153096E-2			3.438288E+1			1.094413E-2
1.695000E+2			1.800343E-6			2.408670E-8			2.929613E+0			1.810132E-2			3.439066E+1			7.778052E-3
1.696000E+2			1.733941E-6			3.928241E-8			2.337076E+0			4.044528E-1			3.439066E+1			7.778052E-3
1.697000E+2			1.665675E-6			3.183031E-8			2.959007E+0			1.764063E-2			3.438288E+1			1.094413E-2
1.698000E+2			1.754714E-6			3.321731E-8			2.982157E+0			1.947564E-2			3.437251E+1			1.627288E-2
1.699000E+2			1.688418E-6			4.483063E-8			2.969344E+0			2.092395E-2			3.436473E+1			1.792291E-2
1.700000E+2			1.741804E-6			3.235290E-8			2.737266E+0			3.000646E-1			3.436732E+1			1.531859E-2
1.701000E+2			1.667933E-6			3.825951E-8			2.982239E+0			1.820622E-2			3.439843E+1			7.141223E-16
