1.500000E+2			2.232316E-6			1.681771E-7			-6.888119E-2			2.494163E-1			3.441399E+1			8.890138E-3
1.501000E+2			2.163254E-6			2.579814E-7			-5.414856E-2			1.893258E-1			3.466289E+1			2.605224E-2
1.502000E+2			2.334957E-6			1.658360E-7			6.786461E-2			9.786842E-2			3.485475E+1			1.693534E-2
1.503000E+2			2.237340E-6			1.452378E-7			1.264504E-1			9.532180E-2			3.491697E+1			0.000000E+0
1.504000E+2			1.870155E-6			1.953394E-7			1.230175E-1			9.467378E-2			3.491697E+1			0.000000E+0
1.505000E+2			1.846917E-6			1.146971E-7			3.447599E-2			8.106544E-2			3.491697E+1			0.000000E+0
1.506000E+2			2.047580E-6			8.592021E-8			2.507090E-2			6.961441E-2			3.492475E+1			7.778052E-3
1.507000E+2			2.223638E-6			1.247959E-7			-7.727715E-2			6.788745E-2			3.494031E+1			1.333521E-2
1.508000E+2			2.242194E-6			1.002153E-7			5.819235E-2			5.125666E-2			3.496364E+1			1.856491E-2
1.509000E+2			2.141552E-6			7.801956E-8			6.853223E-2			4.064158E-2			3.499475E+1			2.345171E-2
1.510000E+2			2.262078E-6			7.615443E-8			5.969284E-2			4.342055E-2			3.533699E+1			3.896091E-2
1.511000E+2			2.277183E-6			6.711228E-8			7.978541E-2			3.448725E-2			3.538365E+1			3.829648E-2
1.512000E+2			2.172231E-6			5.200900E-8			3.368495E-2			3.060965E-2			3.549255E+1			3.428908E-2
1.513000E+2			2.164874E-6			7.572482E-8			1.067100E-1			2.810428E-2			3.555477E+1			3.003284E-2
1.514000E+2			2.201040E-6			6.337736E-8			2.530733E-2			2.442735E-2			3.566366E+1			1.531859E-2
1.515000E+2			2.272381E-6			5.492067E-8			1.063358E-1			2.609899E-2			3.567922E+1			1.094413E-2
1.516000E+2			2.268444E-6			6.212261E-8			6.944798E-2			1.775388E-2			3.568700E+1			7.778052E-3
1.517000E+2			2.292557E-6			6.311729E-8			1.144497E-1			2.782443E-2			3.569996E+1			5.185368E-3
1.518000E+2			2.315616E-6			5.424143E-8			5.803543E-2			2.372313E-2			3.570515E+1			7.296087E-3
1.519000E+2			2.417351E-6			4.721487E-8			4.331887E-2			2.015246E-2			3.570256E+1			1.191541E-2
1.520000E+2			2.395606E-6			2.998062E-8			4.921903E-2			1.675796E-2			3.571033E+1			8.890138E-3
1.521000E+2			2.462154E-6			4.028247E-8			8.522353E-2			1.611491E-2			3.574145E+1			1.491434E-2
1.522000E+2			2.445442E-6			4.552964E-8			6.713451E-2			1.636985E-2			3.576737E+1			1.808320E-2
1.523000E+2			2.460641E-6			3.665596E-8			1.148955E-1			1.860805E-2			3.579848E+1			2.084596E-2
1.524000E+2			2.493454E-6			4.371130E-8			3.419542E-2			1.693402E-2			3.587626E+1			2.485723E-2
1.525000E+2			2.534805E-6			3.356052E-8			7.573420E-2			1.835781E-2			3.593849E+1			2.601051E-2
1.526000E+2			2.589915E-6			3.679472E-8			7.924279E-2			1.352350E-2			3.596960E+1			2.601051E-2
1.527000E+2			2.680361E-6			3.396118E-8			1.184988E-1			1.817909E-2			3.605257E+1			2.410279E-2
1.528000E+2			2.633090E-6			3.620117E-8			1.260656E-1			1.563519E-2			3.607849E+1			2.285938E-2
1.529000E+2			2.697559E-6			4.508569E-8			7.155711E-2			1.321273E-2			3.609405E+1			2.193165E-2
1.530000E+2			2.716611E-6			3.480015E-8			8.770250E-2			1.141529E-2			3.613035E+1			1.910564E-2
1.531000E+2			2.743784E-6			2.938673E-8			1.073711E-1			1.405387E-2			3.615109E+1			1.693534E-2
1.532000E+2			2.793602E-6			4.242518E-8			1.423471E-1			1.525907E-2			3.617183E+1			1.413842E-2
1.533000E+2			2.801239E-6			3.961555E-8			8.431467E-2			1.368027E-2			3.620294E+1			7.296087E-3
1.534000E+2			2.895968E-6			4.439465E-8			1.167781E-1			1.420528E-2			3.620813E+1			5.185368E-3
1.535000E+2			2.955587E-6			5.519871E-8			1.407820E-1			1.309721E-2			3.620813E+1			5.185368E-3
1.536000E+2			2.930075E-6			6.139207E-8			7.598820E-2			1.945041E-2			3.621331E+1			7.141223E-16
1.537000E+2			3.105565E-6			5.034956E-8			1.186410E-1			1.280202E-2			3.620813E+1			5.185368E-3
1.538000E+2			3.059176E-6			3.569290E-8			9.712289E-2			1.370259E-2			3.619776E+1			8.890138E-3
1.539000E+2			3.220216E-6			4.448250E-8			1.075186E-1			1.557988E-2			3.621331E+1			7.141223E-16
1.540000E+2			3.184427E-6			5.446754E-8			1.232312E-1			1.176249E-2			3.621331E+1			7.141223E-16
1.541000E+2			3.246193E-6			6.675743E-8			1.369524E-1			1.858535E-2			3.621331E+1			7.141223E-16
1.542000E+2			3.347488E-6			6.652291E-8			1.420257E-1			1.796753E-2			3.621331E+1			7.141223E-16
1.543000E+2			3.341651E-6			4.581623E-8			1.769962E-1			1.756312E-2			3.621331E+1			7.141223E-16
1.544000E+2			3.472982E-6			6.589625E-8			1.164541E-1			1.641147E-2			3.621331E+1			7.141223E-16
1.545000E+2			3.447405E-6			6.330876E-8			1.355095E-1			2.259619E-2			3.621331E+1			7.141223E-16
1.546000E+2			3.601780E-6			5.412291E-8			1.577620E-1			1.505853E-2			3.621331E+1			7.141223E-16
1.547000E+2			3.601649E-6			5.563120E-8			1.553588E-1			1.557586E-2			3.621331E+1			7.141223E-16
1.548000E+2			3.687039E-6			4.823608E-8			1.453897E-1			1.398354E-2			3.621331E+1			7.141223E-16
1.549000E+2			3.731109E-6			5.133743E-8			1.635631E-1			1.285240E-2			3.621331E+1			7.141223E-16
1.550000E+2			3.822414E-6			2.769107E-8			1.913591E-1			1.225759E-2			3.621331E+1			7.141223E-16
1.551000E+2			3.918201E-6			4.149806E-8			2.215124E-1			1.222789E-2			3.621331E+1			7.141223E-16
1.552000E+2			3.968617E-6			4.829481E-8			1.995820E-1			1.155972E-2			3.621331E+1			7.141223E-16
1.553000E+2			4.144811E-6			3.684958E-8			1.982493E-1			1.055501E-2			3.622109E+1			7.778052E-3
1.554000E+2			4.087915E-6			4.522526E-8			2.314813E-1			8.627460E-3			3.622109E+1			7.778052E-3
1.555000E+2			4.300747E-6			3.257809E-8			2.330429E-1			1.055782E-2			3.621331E+1			7.141223E-16
1.556000E+2			4.439008E-6			4.041590E-8			2.264807E-1			9.587259E-3			3.621331E+1			7.141223E-16
1.557000E+2			4.433428E-6			2.914043E-8			2.313118E-1			6.894473E-3			3.621331E+1			7.141223E-16
1.558000E+2			4.575368E-6			4.607279E-8			2.524280E-1			8.379916E-3			3.622109E+1			7.778052E-3
1.559000E+2			4.723009E-6			3.165575E-8			2.577320E-1			1.142868E-2			3.621331E+1			7.141223E-16
1.560000E+2			4.895914E-6			4.360159E-8			2.528703E-1			8.543525E-3			3.623665E+1			1.333521E-2
1.561000E+2			4.973661E-6			3.711001E-8			2.841150E-1			1.026599E-2			3.621331E+1			7.141223E-16
1.562000E+2			5.015153E-6			4.159332E-8			3.216031E-1			8.600618E-3			3.621331E+1			7.141223E-16
1.563000E+2			5.184350E-6			4.662015E-8			2.935133E-1			9.251114E-3			3.621331E+1			7.141223E-16
1.564000E+2			5.289156E-6			4.429969E-8			3.053424E-1			8.897602E-3			3.622109E+1			7.778052E-3
1.565000E+2			5.374255E-6			5.729173E-8			3.213448E-1			8.601493E-3			3.621331E+1			7.141223E-16
1.566000E+2			5.592656E-6			4.422555E-8			3.625721E-1			8.753626E-3			3.622109E+1			7.778052E-3
1.567000E+2			5.884016E-6			5.609047E-8			3.547121E-1			7.561477E-3			3.621331E+1			7.141223E-16
1.568000E+2			5.927434E-6			4.209319E-8			3.749737E-1			1.124145E-2			3.622109E+1			7.778052E-3
1.569000E+2			6.187564E-6			6.678247E-8			3.945049E-1			8.551025E-3			3.624443E+1			1.531859E-2
1.570000E+2			6.307902E-6			5.752466E-8			4.247780E-1			1.154537E-2			3.622109E+1			7.778052E-3
1.571000E+2			6.541000E-6			6.008029E-8			4.232724E-1			1.322931E-2			3.625220E+1			1.703727E-2
1.572000E+2			6.785512E-6			7.222789E-8			4.357937E-1			9.894358E-3			3.625220E+1			1.703727E-2
1.573000E+2			6.925854E-6			6.923143E-8			4.669491E-1			9.085769E-3			3.622109E+1			7.778052E-3
1.574000E+2			7.220534E-6			6.817365E-8			5.021437E-1			7.803232E-3			3.623665E+1			1.333521E-2
1.575000E+2			7.447416E-6			6.527478E-8			5.023838E-1			6.418941E-3			3.622887E+1			1.094413E-2
1.576000E+2			7.584837E-6			7.908036E-8			5.327385E-1			7.470294E-3			3.623665E+1			1.333521E-2
1.577000E+2			8.039607E-6			6.625568E-8			5.537545E-1			1.072908E-2			3.625998E+1			1.856491E-2
1.578000E+2			8.274839E-6			6.184407E-8			6.194711E-1			7.416199E-3			3.626776E+1			1.994545E-2
1.579000E+2			8.488256E-6			7.633207E-8			6.324618E-1			1.084568E-2			3.622887E+1			1.094413E-2
1.580000E+2			8.867198E-6			8.836725E-8			6.590754E-1			9.543847E-3			3.622887E+1			1.094413E-2
1.581000E+2			9.330993E-6			8.531007E-8			7.042123E-1			1.062236E-2			3.623665E+1			1.333521E-2
1.582000E+2			9.667490E-6			8.366769E-8			7.589665E-1			8.810556E-3			3.623665E+1			1.333521E-2
1.583000E+2			9.872973E-6			8.631264E-8			7.887181E-1			7.567847E-3			3.624443E+1			1.531859E-2
1.584000E+2			1.030510E-5			7.275667E-8			8.243363E-1			7.935273E-3			3.624443E+1			1.531859E-2
1.585000E+2			1.077291E-5			6.466840E-8			8.850775E-1			7.942623E-3			3.626776E+1			1.994545E-2
1.586000E+2			1.096088E-5			1.019276E-7			9.412304E-1			9.869039E-3			3.625220E+1			1.703727E-2
1.587000E+2			1.139773E-5			8.397829E-8			9.858938E-1			9.601409E-3			3.629109E+1			2.345171E-2
1.588000E+2			1.169150E-5			8.681383E-8			1.048090E+0			1.273504E-2			3.623665E+1			1.333521E-2
1.589000E+2			1.191608E-5			1.053600E-7			1.119790E+0			1.051475E-2			3.628332E+1			2.237150E-2
1.590000E+2			1.208576E-5			1.018934E-7			1.190785E+0			7.957650E-3			3.627554E+1			2.120763E-2
1.591000E+2			1.252943E-5			1.024691E-7			1.230602E+0			7.150046E-3			3.628332E+1			2.237150E-2
1.592000E+2			1.266826E-5			1.049012E-7			1.311589E+0			8.870403E-3			3.629109E+1			2.345171E-2
1.593000E+2			1.288262E-5			7.942991E-8			1.392500E+0			8.195155E-3			3.627554E+1			2.120763E-2
1.594000E+2			1.296004E-5			9.208498E-8			1.476009E+0			9.929786E-3			3.626776E+1			1.994545E-2
1.595000E+2			1.280702E-5			9.121415E-8			1.530110E+0			9.391785E-3			3.625998E+1			1.856491E-2
1.596000E+2			1.273912E-5			9.963845E-8			1.597220E+0			8.595399E-3			3.625998E+1			1.856491E-2
1.597000E+2			1.251266E-5			9.995058E-8			1.691838E+0			8.096669E-3			3.632998E+1			2.791312E-2
1.598000E+2			1.260989E-5			1.160700E-7			1.760980E+0			8.622384E-3			3.629109E+1			2.345171E-2
1.599000E+2			1.204669E-5			1.037171E-7			1.805880E+0			8.618258E-3			3.629887E+1			2.445933E-2
1.600000E+2			1.174636E-5			8.826425E-8			1.890924E+0			1.140275E-2			3.630665E+1			2.540301E-2
1.601000E+2			1.167679E-5			9.842922E-8			1.951141E+0			7.477359E-3			3.632221E+1			2.712480E-2
1.602000E+2			1.117418E-5			7.204269E-8			2.020882E+0			8.927994E-3			3.629109E+1			2.345171E-2
1.603000E+2			1.087168E-5			5.867435E-8			2.061886E+0			8.889946E-3			3.630665E+1			2.540301E-2
1.604000E+2			1.049475E-5			1.013726E-7			2.090708E+0			1.129105E-2			3.632221E+1			2.712480E-2
1.605000E+2			1.013828E-5			8.922873E-8			2.129393E+0			7.644284E-3			3.633776E+1			2.865846E-2
1.606000E+2			9.735547E-6			6.393851E-8			2.192061E+0			1.174093E-2			3.632221E+1			2.712480E-2
1.607000E+2			9.373997E-6			9.691852E-8			2.241547E+0			8.381861E-3			3.626776E+1			1.994545E-2
1.608000E+2			9.061572E-6			8.062549E-8			2.257592E+0			8.327202E-3			3.629109E+1			2.345171E-2
1.609000E+2			8.777419E-6			6.741986E-8			2.294080E+0			1.130916E-2			3.630665E+1			2.540301E-2
1.610000E+2			8.403972E-6			7.724132E-8			2.335445E+0			9.640310E-3			3.625998E+1			1.856491E-2
1.611000E+2			7.983125E-6			6.360983E-8			2.375547E+0			1.075894E-2			3.632221E+1			2.712480E-2
1.612000E+2			7.847294E-6			8.174155E-8			2.402724E+0			9.183580E-3			3.632998E+1			2.791312E-2
1.613000E+2			7.515929E-6			7.510857E-8			2.427679E+0			1.171501E-2			3.629887E+1			2.445933E-2
1.614000E+2			7.184654E-6			7.358145E-8			2.475568E+0			1.030110E-2			3.629887E+1			2.445933E-2
1.615000E+2			7.031858E-6			5.775765E-8			2.485761E+0			9.459010E-3			3.629109E+1			2.345171E-2
1.616000E+2			6.850215E-6			5.433927E-8			2.496928E+0			1.018882E-2			3.631443E+1			2.628963E-2
1.617000E+2			6.545789E-6			4.362262E-8			2.516477E+0			9.676318E-3			3.632221E+1			2.712480E-2
1.618000E+2			6.382626E-6			5.393326E-8			2.561465E+0			7.299679E-3			3.636887E+1			3.126895E-2
1.619000E+2			6.339576E-6			5.763469E-8			2.562823E+0			6.140617E-3			3.633776E+1			2.865846E-2
1.620000E+2			6.003313E-6			4.497593E-8			2.569992E+0			8.452385E-3			3.630665E+1			2.540301E-2
1.621000E+2			5.832552E-6			5.217846E-8			2.571914E+0			1.148701E-2			3.633776E+1			2.865846E-2
1.622000E+2			5.673373E-6			6.297037E-8			2.592519E+0			1.053042E-2			3.629887E+1			2.445933E-2
1.623000E+2			5.426740E-6			5.720265E-8			2.616361E+0			1.251880E-2			3.630665E+1			2.540301E-2
1.624000E+2			5.362727E-6			4.046159E-8			2.627956E+0			7.185317E-3			3.632221E+1			2.712480E-2
1.625000E+2			5.208398E-6			3.753325E-8			2.630242E+0			7.094510E-3			3.633776E+1			2.865846E-2
1.626000E+2			5.099242E-6			3.899163E-8			2.649745E+0			7.016180E-3			3.632221E+1			2.712480E-2
1.627000E+2			4.914326E-6			3.853117E-8			2.682952E+0			7.723148E-3			3.636110E+1			3.066709E-2
1.628000E+2			4.884517E-6			5.321991E-8			2.677594E+0			1.080312E-2			3.637665E+1			3.184025E-2
1.629000E+2			4.581062E-6			4.536174E-8			2.674074E+0			1.109512E-2			3.632221E+1			2.712480E-2
1.630000E+2			4.601219E-6			3.283661E-8			2.713702E+0			7.651292E-3			3.636887E+1			3.126895E-2
1.631000E+2			4.529449E-6			4.389986E-8			2.688303E+0			1.045375E-2			3.637665E+1			3.184025E-2
1.632000E+2			4.331341E-6			4.340653E-8			2.725532E+0			9.835153E-3			3.639221E+1			3.289747E-2
1.633000E+2			4.255236E-6			2.410715E-8			2.706389E+0			8.154018E-3			3.629887E+1			2.445933E-2
1.634000E+2			4.148845E-6			4.508697E-8			2.742897E+0			1.027953E-2			3.629109E+1			2.345171E-2
1.635000E+2			4.040596E-6			4.014066E-8			2.754779E+0			1.100599E-2			3.629109E+1			2.345171E-2
1.636000E+2			3.931905E-6			3.009744E-8			2.749389E+0			9.095761E-3			3.635332E+1			3.003284E-2
1.637000E+2			3.889427E-6			3.620236E-8			2.744328E+0			7.454788E-3			3.630665E+1			2.540301E-2
1.638000E+2			3.809807E-6			2.988927E-8			2.738546E+0			8.224068E-3			3.635332E+1			3.003284E-2
1.639000E+2			3.765013E-6			3.209180E-8			2.767530E+0			9.582720E-3			3.632221E+1			2.712480E-2
1.640000E+2			3.620091E-6			4.132943E-8			2.765008E+0			9.368733E-3			3.636110E+1			3.066709E-2
1.641000E+2			3.551161E-6			3.322169E-8			2.765401E+0			1.034782E-2			3.632221E+1			2.712480E-2
1.642000E+2			3.489978E-6			2.711702E-8			2.777246E+0			1.028348E-2			3.639221E+1			3.289747E-2
1.643000E+2			3.494454E-6			4.108141E-8			2.815181E+0			8.976626E-3			3.633776E+1			2.865846E-2
1.644000E+2			3.406988E-6			2.819838E-8			2.804119E+0			9.353872E-3			3.632998E+1			2.791312E-2
1.645000E+2			3.328343E-6			3.724908E-8			2.812259E+0			1.152411E-2			3.638443E+1			3.238261E-2
1.646000E+2			3.284965E-6			3.238821E-8			2.791906E+0			9.599303E-3			3.638443E+1			3.238261E-2
1.647000E+2			3.219090E-6			3.213338E-8			2.813603E+0			9.267925E-3			3.628332E+1			2.237150E-2
1.648000E+2			3.167039E-6			2.949779E-8			2.820628E+0			8.467810E-3			3.635332E+1			3.003284E-2
1.649000E+2			3.087093E-6			2.527071E-8			2.829553E+0			1.235509E-2			3.629109E+1			2.345171E-2
1.650000E+2			3.050723E-6			3.344896E-8			2.803854E+0			8.699861E-3			3.629887E+1			2.445933E-2
1.651000E+2			2.946205E-6			3.377639E-8			2.836194E+0			1.093087E-2			3.631443E+1			2.628963E-2
1.652000E+2			2.998827E-6			2.905524E-8			2.831282E+0			9.368669E-3			3.635332E+1			3.003284E-2
1.653000E+2			2.881961E-6			3.189241E-8			2.846204E+0			9.621782E-3			3.634554E+1			2.936410E-2
1.654000E+2			2.887863E-6			2.902886E-8			2.838145E+0			9.198487E-3			3.635332E+1			3.003284E-2
1.655000E+2			2.817459E-6			1.985622E-8			2.840426E+0			8.657728E-3			3.636110E+1			3.066709E-2
1.656000E+2			2.839186E-6			2.838808E-8			2.860698E+0			9.252971E-3			3.639999E+1			3.338610E-2
1.657000E+2			2.753090E-6			3.053121E-8			2.851995E+0			1.147350E-2			3.637665E+1			3.184025E-2
1.658000E+2			2.659304E-6			2.955793E-8			2.853528E+0			1.161513E-2			3.632998E+1			2.791312E-2
1.659000E+2			2.635285E-6			2.491716E-8			2.875302E+0			1.417355E-2			3.638443E+1			3.238261E-2
1.660000E+2			2.589625E-6			4.123769E-8			2.873752E+0			1.080380E-2			3.631443E+1			2.628963E-2
1.661000E+2			2.543119E-6			2.648157E-8			2.876086E+0			1.182224E-2			3.632998E+1			2.791312E-2
1.662000E+2			2.545344E-6			2.932687E-8			2.894737E+0			1.319958E-2			3.632221E+1			2.712480E-2
1.663000E+2			2.546876E-6			2.569561E-8			2.872793E+0			1.340227E-2			3.632221E+1			2.712480E-2
1.664000E+2			2.489004E-6			2.617983E-8			2.850370E+0			1.288569E-2			3.634554E+1			2.936410E-2
1.665000E+2			2.422956E-6			2.580419E-8			2.885162E+0			9.644075E-3			3.631443E+1			2.628963E-2
1.666000E+2			2.380092E-6			2.893139E-8			2.876913E+0			1.414555E-2			3.632221E+1			2.712480E-2
1.667000E+2			2.412203E-6			2.484705E-8			2.877441E+0			1.086170E-2			3.638443E+1			3.238261E-2
1.668000E+2			2.323966E-6			2.583890E-8			2.895159E+0			1.264661E-2			3.632998E+1			2.791312E-2
1.669000E+2			2.285149E-6			2.602960E-8			2.906047E+0			1.225677E-2			3.629109E+1			2.345171E-2
1.670000E+2			2.226546E-6			2.767253E-8			2.895575E+0			1.255693E-2			3.626776E+1			1.994545E-2
1.671000E+2			2.252618E-6			2.945100E-8			2.882392E+0			1.286054E-2			3.634554E+1			2.936410E-2
1.672000E+2			2.213812E-6			1.966174E-8			2.913202E+0			1.140705E-2			3.640777E+1			3.384963E-2
1.673000E+2			2.159374E-6			2.238727E-8			2.900497E+0			1.248842E-2			3.630665E+1			2.540301E-2
1.674000E+2			2.159986E-6			1.903566E-8			2.910187E+0			8.750101E-3			3.630665E+1			2.540301E-2
1.675000E+2			2.124042E-6			2.397531E-8			2.914059E+0			1.357120E-2			3.631443E+1			2.628963E-2
1.676000E+2			2.059544E-6			3.344055E-8			2.892974E+0			9.174967E-3			3.626776E+1			1.994545E-2
1.677000E+2			2.097095E-6			3.145388E-8			2.883613E+0			1.182733E-2			3.629109E+1			2.345171E-2
1.678000E+2			2.114375E-6			2.922847E-8			2.913351E+0			1.446794E-2			3.632221E+1			2.712480E-2
1.679000E+2			2.055736E-6			3.169239E-8			2.917323E+0			1.288348E-2			3.633776E+1			2.865846E-2
1.680000E+2			2.069405E-6			2.721717E-8			2.903687E+0			1.639760E-2			3.630665E+1			2.540301E-2
1.681000E+2			2.067916E-6			2.537112E-8			2.905477E+0			1.066966E-2			3.632998E+1			2.791312E-2
1.682000E+2			2.007578E-6			2.893974E-8			2.929313E+0			1.177675E-2			3.632221E+1			2.712480E-2
1.683000E+2			1.945237E-6			2.306459E-8			2.912130E+0			1.494634E-2			3.632221E+1			2.712480E-2
1.684000E+2			1.944184E-6			3.291649E-8			2.939170E+0			1.315343E-2			3.630665E+1			2.540301E-2
1.685000E+2			1.949875E-6			2.343140E-8			2.920454E+0			1.812719E-2			3.636110E+1			3.066709E-2
1.686000E+2			1.854305E-6			3.055910E-8			2.940408E+0			1.713470E-2			3.637665E+1			3.184025E-2
1.687000E+2			1.906863E-6			2.618532E-8			2.929116E+0			1.726490E-2			3.629109E+1			2.345171E-2
1.688000E+2			1.843901E-6			2.961354E-8			2.948748E+0			1.503057E-2			3.626776E+1			1.994545E-2
1.689000E+2			1.830024E-6			3.326747E-8			2.943980E+0			1.516674E-2			3.628332E+1			2.237150E-2
1.690000E+2			1.784787E-6			2.555540E-8			2.935210E+0			2.248196E-2			3.626776E+1			1.994545E-2
1.691000E+2			1.868220E-6			2.764055E-8			2.920404E+0			2.158335E-2			3.629887E+1			2.445933E-2
1.692000E+2			1.759693E-6			3.651338E-8			2.646917E+0			2.956582E-1			3.626776E+1			1.994545E-2
1.693000E+2			1.735550E-6			2.585857E-8			2.954434E+0			1.781850E-2			3.636110E+1			3.066709E-2
1.694000E+2			1.782445E-6			3.555898E-8			2.951885E+0			2.227112E-2			3.628332E+1			2.237150E-2
1.695000E+2			1.703689E-6			3.673395E-8			2.963603E+0			1.526033E-2			3.630665E+1			2.540301E-2
1.696000E+2			1.765524E-6			4.001311E-8			2.958384E+0			1.849950E-2			3.627554E+1			2.120763E-2
1.697000E+2			1.711319E-6			3.665742E-8			2.956221E+0			2.239730E-2			3.628332E+1			2.237150E-2
1.698000E+2			1.686242E-6			3.952467E-8			2.971207E+0			1.787988E-2			3.632221E+1			2.712480E-2
1.699000E+2			1.708448E-6			3.792572E-8			2.648478E+0			2.964119E-1			3.632998E+1			2.791312E-2
1.700000E+2			1.658541E-6			4.642494E-8			2.952297E+0			2.056755E-2			3.629887E+1			2.445933E-2
1.701000E+2			1.672140E-6			4.355659E-8			2.360380E+0			4.083179E-1			3.625998E+1			1.856491E-2
