1.500000E+2			2.627121E-6			1.844524E-7			1.326842E-1			2.263933E-1			3.664111E+1			3.889026E-2
1.501000E+2			2.092834E-6			2.031186E-7			1.401660E-1			1.165617E-1			3.694445E+1			1.856491E-2
1.502000E+2			2.196958E-6			2.181681E-7			2.134174E-1			1.057033E-1			3.699630E+1			5.185368E-3
1.503000E+2			2.165790E-6			2.052617E-7			-1.005301E-1			1.240080E-1			3.717261E+1			2.485723E-2
1.504000E+2			2.135623E-6			1.597453E-7			7.465489E-2			8.514034E-2			3.736447E+1			2.339954E-2
1.505000E+2			2.274891E-6			1.253288E-7			1.014902E-1			7.790020E-2			3.747854E+1			1.237661E-2
1.506000E+2			2.213778E-6			1.166239E-7			3.188044E-2			5.612365E-2			3.750966E+1			7.141223E-16
1.507000E+2			2.092978E-6			9.357462E-8			2.317492E-2			5.821398E-2			3.750966E+1			7.141223E-16
1.508000E+2			2.114121E-6			9.128415E-8			4.313678E-2			5.134486E-2			3.750966E+1			7.141223E-16
1.509000E+2			2.073360E-6			1.011600E-7			1.381828E-2			3.804472E-2			3.751743E+1			7.778052E-3
1.510000E+2			2.065054E-6			7.109249E-8			7.717922E-2			2.795267E-2			3.750966E+1			7.141223E-16
1.511000E+2			2.210545E-6			7.587457E-8			3.569442E-2			3.513287E-2			3.751743E+1			7.778052E-3
1.512000E+2			2.059972E-6			6.957802E-8			8.532136E-2			3.445966E-2			3.751743E+1			7.778052E-3
1.513000E+2			2.146416E-6			6.616181E-8			1.119574E-1			3.796812E-2			3.757966E+1			2.237150E-2
1.514000E+2			2.185170E-6			6.828303E-8			6.104431E-2			2.875398E-2			3.752521E+1			1.094413E-2
1.515000E+2			2.260516E-6			6.502902E-8			2.909912E-2			2.659580E-2			3.755632E+1			1.856491E-2
1.516000E+2			2.331997E-6			6.143111E-8			8.642352E-2			2.542943E-2			3.770411E+1			3.384963E-2
1.517000E+2			2.290241E-6			4.670128E-8			8.977925E-2			1.915277E-2			3.778967E+1			3.752273E-2
1.518000E+2			2.390832E-6			3.653444E-8			4.796557E-2			2.545339E-2			3.789856E+1			3.908618E-2
1.519000E+2			2.319059E-6			4.767854E-8			5.183783E-2			1.877938E-2			3.798412E+1			3.812857E-2
1.520000E+2			2.413975E-6			4.871754E-8			7.698834E-2			1.960184E-2			3.806190E+1			3.547165E-2
1.521000E+2			2.433936E-6			6.228007E-8			6.098826E-2			1.951098E-2			3.818635E+1			2.628963E-2
1.522000E+2			2.383965E-6			4.179473E-8			6.674513E-2			1.720073E-2			3.820968E+1			2.345171E-2
1.523000E+2			2.501033E-6			4.041570E-8			6.933705E-2			1.805178E-2			3.821746E+1			2.237150E-2
1.524000E+2			2.562895E-6			4.030103E-8			6.675973E-2			1.516328E-2			3.825635E+1			1.531859E-2
1.525000E+2			2.620334E-6			2.789523E-8			6.031398E-2			1.751544E-2			3.825635E+1			1.531859E-2
1.526000E+2			2.610686E-6			3.725681E-8			7.578423E-2			1.544468E-2			3.827190E+1			1.094413E-2
1.527000E+2			2.607151E-6			4.258428E-8			5.306140E-2			1.258040E-2			3.829783E+1			7.296087E-3
1.528000E+2			2.677027E-6			3.503600E-8			1.006680E-1			1.502491E-2			3.829783E+1			7.296087E-3
1.529000E+2			2.779255E-6			4.267198E-8			1.024436E-1			1.672603E-2			3.830302E+1			8.890138E-3
1.530000E+2			2.784611E-6			3.912809E-8			9.869974E-2			1.340574E-2			3.829783E+1			7.296087E-3
1.531000E+2			2.750644E-6			3.182806E-8			1.002703E-1			1.016778E-2			3.831857E+1			1.237661E-2
1.532000E+2			2.771335E-6			3.459086E-8			8.844715E-2			1.538227E-2			3.832894E+1			1.413842E-2
1.533000E+2			2.840396E-6			5.242655E-8			1.068556E-1			1.158182E-2			3.838080E+1			2.002189E-2
1.534000E+2			2.920347E-6			4.937502E-8			1.163415E-1			1.272825E-2			3.837561E+1			1.957607E-2
1.535000E+2			2.958446E-6			4.631140E-8			1.197981E-1			1.448278E-2			3.843265E+1			2.339954E-2
1.536000E+2			3.032177E-6			2.885254E-8			1.254700E-1			8.576089E-3			3.841191E+1			2.225740E-2
1.537000E+2			3.033110E-6			2.877387E-8			9.871854E-2			1.049448E-2			3.844302E+1			2.388205E-2
1.538000E+2			3.047462E-6			3.933733E-8			1.510348E-1			1.208667E-2			3.844302E+1			2.388205E-2
1.539000E+2			3.156854E-6			3.247301E-8			1.314452E-1			1.223363E-2			3.853117E+1			2.601051E-2
1.540000E+2			3.220034E-6			4.059502E-8			1.370212E-1			1.020862E-2			3.853117E+1			2.601051E-2
1.541000E+2			3.320688E-6			3.347025E-8			1.431071E-1			1.196701E-2			3.858821E+1			2.572176E-2
1.542000E+2			3.379529E-6			3.963663E-8			1.352133E-1			1.311658E-2			3.860895E+1			2.529587E-2
1.543000E+2			3.402599E-6			4.626526E-8			1.677337E-1			1.255776E-2			3.866599E+1			2.313691E-2
1.544000E+2			3.427951E-6			4.456606E-8			1.448479E-1			1.319922E-2			3.866599E+1			2.313691E-2
1.545000E+2			3.482954E-6			4.992761E-8			1.741333E-1			1.376338E-2			3.868155E+1			2.225740E-2
1.546000E+2			3.485567E-6			6.170714E-8			1.928687E-1			1.453242E-2			3.869711E+1			2.122683E-2
1.547000E+2			3.606926E-6			5.477561E-8			1.805634E-1			1.871842E-2			3.871785E+1			1.957607E-2
1.548000E+2			3.649498E-6			5.865099E-8			1.448000E-1			1.813698E-2			3.874377E+1			1.693534E-2
1.549000E+2			3.577337E-6			6.630023E-8			1.778519E-1			1.874009E-2			3.871785E+1			1.957607E-2
1.550000E+2			3.776595E-6			7.572446E-8			1.932902E-1			2.133278E-2			3.874896E+1			1.630622E-2
1.551000E+2			3.934005E-6			6.624345E-8			2.550760E-1			1.580864E-2			3.876451E+1			1.413842E-2
1.552000E+2			4.038662E-6			8.794337E-8			2.080068E-1			2.048589E-2			3.876970E+1			1.329696E-2
1.553000E+2			4.161656E-6			5.535118E-8			2.163328E-1			1.720550E-2			3.879044E+1			8.890138E-3
1.554000E+2			4.160342E-6			5.188496E-8			2.213801E-1			1.277625E-2			3.878526E+1			1.021239E-2
1.555000E+2			4.309247E-6			6.890168E-8			2.472590E-1			1.329946E-2			3.879044E+1			8.890138E-3
1.556000E+2			4.453922E-6			6.132561E-8			2.590747E-1			8.158338E-3			3.879044E+1			8.890138E-3
1.557000E+2			4.493171E-6			4.504782E-8			2.405535E-1			1.193009E-2			3.880081E+1			5.185368E-3
1.558000E+2			4.711602E-6			5.107934E-8			2.572263E-1			9.724170E-3			3.879044E+1			8.890138E-3
1.559000E+2			4.708104E-6			4.210618E-8			2.755954E-1			1.140006E-2			3.879563E+1			7.296087E-3
1.560000E+2			4.825374E-6			3.482251E-8			2.851193E-1			9.188262E-3			3.880600E+1			7.141223E-16
1.561000E+2			5.087075E-6			5.116627E-8			2.988981E-1			1.011684E-2			3.880600E+1			7.141223E-16
1.562000E+2			5.072881E-6			4.382186E-8			3.134212E-1			1.038639E-2			3.880081E+1			5.185368E-3
1.563000E+2			5.227912E-6			5.391317E-8			3.153002E-1			9.287004E-3			3.880600E+1			7.141223E-16
1.564000E+2			5.473090E-6			7.066673E-8			3.164814E-1			1.058175E-2			3.880600E+1			7.141223E-16
1.565000E+2			5.605331E-6			6.651045E-8			3.428906E-1			1.076855E-2			3.880600E+1			7.141223E-16
1.566000E+2			5.707518E-6			5.179422E-8			3.727631E-1			1.013736E-2			3.880600E+1			7.141223E-16
1.567000E+2			5.936922E-6			5.059920E-8			3.914479E-1			1.074494E-2			3.880600E+1			7.141223E-16
1.568000E+2			6.147480E-6			5.672937E-8			3.905430E-1			1.015974E-2			3.880600E+1			7.141223E-16
1.569000E+2			6.378746E-6			5.745144E-8			4.141560E-1			7.934267E-3			3.880600E+1			7.141223E-16
1.570000E+2			6.369966E-6			6.593733E-8			4.351755E-1			9.669001E-3			3.880600E+1			7.141223E-16
1.571000E+2			6.690449E-6			5.268316E-8			4.546760E-1			8.687835E-3			3.880600E+1			7.141223E-16
1.572000E+2			6.930245E-6			6.284167E-8			4.743827E-1			9.370991E-3			3.880600E+1			7.141223E-16
1.573000E+2			7.104497E-6			6.493056E-8			4.918292E-1			7.641045E-3			3.880600E+1			7.141223E-16
1.574000E+2			7.396017E-6			5.885619E-8			5.305643E-1			8.882614E-3			3.880600E+1			7.141223E-16
1.575000E+2			7.540045E-6			6.317844E-8			5.259614E-1			8.581823E-3			3.880600E+1			7.141223E-16
1.576000E+2			7.907779E-6			6.807139E-8			5.697806E-1			9.308503E-3			3.880600E+1			7.141223E-16
1.577000E+2			8.141572E-6			6.441769E-8			5.927427E-1			7.877239E-3			3.880600E+1			7.141223E-16
1.578000E+2			8.650911E-6			7.121725E-8			6.338872E-1			8.628375E-3			3.880600E+1			7.141223E-16
1.579000E+2			8.703597E-6			8.696146E-8			6.548190E-1			1.032912E-2			3.880600E+1			7.141223E-16
1.580000E+2			9.103266E-6			7.867087E-8			6.960012E-1			1.041109E-2			3.880600E+1			7.141223E-16
1.581000E+2			9.614396E-6			9.140842E-8			7.524608E-1			1.092470E-2			3.880600E+1			7.141223E-16
1.582000E+2			1.002290E-5			1.693982E-7			7.907424E-1			1.492360E-2			3.880600E+1			7.141223E-16
1.583000E+2			1.027844E-5			1.501876E-7			8.439130E-1			1.079652E-2			3.881378E+1			7.778052E-3
1.584000E+2			1.059085E-5			1.200245E-7			8.608294E-1			8.868875E-3			3.880600E+1			7.141223E-16
1.585000E+2			1.097475E-5			2.055734E-7			9.285715E-1			1.444665E-2			3.880600E+1			7.141223E-16
1.586000E+2			1.124592E-5			1.356188E-7			1.000169E+0			1.659265E-2			3.880600E+1			7.141223E-16
1.587000E+2			1.164476E-5			1.230489E-7			1.038308E+0			8.758361E-3			3.880600E+1			7.141223E-16
1.588000E+2			1.206128E-5			8.368780E-8			1.107907E+0			7.062033E-3			3.880600E+1			7.141223E-16
1.589000E+2			1.219557E-5			1.176638E-7			1.180126E+0			8.199526E-3			3.880600E+1			7.141223E-16
1.590000E+2			1.250660E-5			1.072499E-7			1.235389E+0			1.071564E-2			3.880081E+1			5.185368E-3
1.591000E+2			1.289502E-5			1.273005E-7			1.306926E+0			1.069415E-2			3.880600E+1			7.141223E-16
1.592000E+2			1.294147E-5			1.141253E-7			1.356695E+0			9.666429E-3			3.880600E+1			7.141223E-16
1.593000E+2			1.276764E-5			1.021968E-7			1.452127E+0			6.411702E-3			3.880600E+1			7.141223E-16
1.594000E+2			1.292326E-5			1.483986E-7			1.520925E+0			9.191959E-3			3.880600E+1			7.141223E-16
1.595000E+2			1.261976E-5			1.089571E-7			1.588652E+0			7.761257E-3			3.880600E+1			7.141223E-16
1.596000E+2			1.272912E-5			1.053025E-7			1.669509E+0			1.193966E-2			3.880600E+1			7.141223E-16
1.597000E+2			1.234512E-5			1.248142E-7			1.755099E+0			9.783382E-3			3.880600E+1			7.141223E-16
1.598000E+2			1.208183E-5			1.166218E-7			1.828430E+0			1.055846E-2			3.880600E+1			7.141223E-16
1.599000E+2			1.206626E-5			9.754871E-8			1.880427E+0			8.283078E-3			3.880600E+1			7.141223E-16
1.600000E+2			1.151572E-5			7.511950E-8			1.933664E+0			9.860898E-3			3.880600E+1			7.141223E-16
1.601000E+2			1.128212E-5			1.147511E-7			2.004160E+0			8.702865E-3			3.881378E+1			7.778052E-3
1.602000E+2			1.067078E-5			1.161986E-7			2.060946E+0			8.677520E-3			3.880600E+1			7.141223E-16
1.603000E+2			1.035618E-5			1.049030E-7			2.111901E+0			8.502387E-3			3.880600E+1			7.141223E-16
1.604000E+2			1.011364E-5			1.013216E-7			2.125939E+0			7.387740E-3			3.880600E+1			7.141223E-16
1.605000E+2			9.735330E-6			9.453340E-8			2.177943E+0			8.759083E-3			3.880600E+1			7.141223E-16
1.606000E+2			9.345233E-6			7.018884E-8			2.219987E+0			1.012758E-2			3.880600E+1			7.141223E-16
1.607000E+2			8.993354E-6			9.146204E-8			2.273245E+0			7.457725E-3			3.880600E+1			7.141223E-16
1.608000E+2			8.706358E-6			8.112358E-8			2.281706E+0			9.565532E-3			3.880600E+1			7.141223E-16
1.609000E+2			8.327679E-6			9.320935E-8			2.326215E+0			7.597902E-3			3.880600E+1			7.141223E-16
1.610000E+2			8.071068E-6			9.578165E-8			2.378527E+0			8.267457E-3			3.880600E+1			7.141223E-16
1.611000E+2			7.660183E-6			8.354791E-8			2.407640E+0			1.044899E-2			3.881378E+1			7.778052E-3
1.612000E+2			7.400875E-6			6.968376E-8			2.422017E+0			9.119119E-3			3.880600E+1			7.141223E-16
1.613000E+2			7.195333E-6			6.089471E-8			2.457275E+0			8.546237E-3			3.880600E+1			7.141223E-16
1.614000E+2			6.965317E-6			6.397337E-8			2.482991E+0			1.097815E-2			3.880600E+1			7.141223E-16
1.615000E+2			6.741648E-6			5.291424E-8			2.508205E+0			8.532962E-3			3.880600E+1			7.141223E-16
1.616000E+2			6.447844E-6			6.413201E-8			2.502564E+0			8.090893E-3			3.881378E+1			7.778052E-3
1.617000E+2			6.339550E-6			6.259425E-8			2.523341E+0			8.439469E-3			3.880600E+1			7.141223E-16
1.618000E+2			6.294172E-6			4.493773E-8			2.563072E+0			5.986572E-3			3.881378E+1			7.778052E-3
1.619000E+2			5.936029E-6			5.988479E-8			2.591892E+0			9.537557E-3			3.881896E+1			1.296342E-2
1.620000E+2			5.835400E-6			4.379545E-8			2.570048E+0			8.332335E-3			3.880600E+1			7.141223E-16
1.621000E+2			5.631150E-6			5.275964E-8			2.601316E+0			9.802397E-3			3.880600E+1			7.141223E-16
1.622000E+2			5.465651E-6			3.926754E-8			2.620559E+0			6.604974E-3			3.880600E+1			7.141223E-16
1.623000E+2			5.337525E-6			4.965576E-8			2.627720E+0			1.207924E-2			3.881378E+1			7.778052E-3
1.624000E+2			5.106355E-6			5.910854E-8			2.645412E+0			9.549426E-3			3.881378E+1			7.778052E-3
1.625000E+2			5.021371E-6			4.993212E-8			2.651276E+0			8.897331E-3			3.880600E+1			7.141223E-16
1.626000E+2			4.840440E-6			5.738143E-8			2.655159E+0			9.213098E-3			3.880600E+1			7.141223E-16
1.627000E+2			4.689914E-6			4.756536E-8			2.676506E+0			1.016435E-2			3.880600E+1			7.141223E-16
1.628000E+2			4.678784E-6			4.337936E-8			2.702453E+0			1.012104E-2			3.881378E+1			7.778052E-3
1.629000E+2			4.520953E-6			3.904124E-8			2.696131E+0			9.409589E-3			3.882155E+1			1.094413E-2
1.630000E+2			4.370186E-6			3.435071E-8			2.690376E+0			9.825119E-3			3.880600E+1			7.141223E-16
1.631000E+2			4.229231E-6			4.723406E-8			2.704014E+0			8.397705E-3			3.880600E+1			7.141223E-16
1.632000E+2			4.179967E-6			3.456649E-8			2.719744E+0			9.207231E-3			3.880600E+1			7.141223E-16
1.633000E+2			4.163242E-6			3.802889E-8			2.724064E+0			9.328491E-3			3.881378E+1			7.778052E-3
1.634000E+2			4.018208E-6			2.329400E-8			2.723882E+0			1.110621E-2			3.880600E+1			7.141223E-16
1.635000E+2			3.976442E-6			3.504960E-8			2.729218E+0			8.991327E-3			3.880600E+1			7.141223E-16
1.636000E+2			3.844578E-6			3.245366E-8			2.744854E+0			8.651951E-3			3.881378E+1			7.778052E-3
1.637000E+2			3.773970E-6			4.039607E-8			2.752423E+0			1.018602E-2			3.881378E+1			7.778052E-3
1.638000E+2			3.742037E-6			3.144281E-8			2.742848E+0			8.047186E-3			3.882155E+1			1.094413E-2
1.639000E+2			3.576815E-6			3.445763E-8			2.763661E+0			1.065381E-2			3.882155E+1			1.094413E-2
1.640000E+2			3.604776E-6			3.188894E-8			2.783566E+0			8.544160E-3			3.880600E+1			7.141223E-16
1.641000E+2			3.488320E-6			3.595025E-8			2.782378E+0			1.114018E-2			3.881378E+1			7.778052E-3
1.642000E+2			3.389864E-6			2.814829E-8			2.798630E+0			9.221574E-3			3.880600E+1			7.141223E-16
1.643000E+2			3.339761E-6			3.268323E-8			2.794180E+0			1.078826E-2			3.881378E+1			7.778052E-3
1.644000E+2			3.271160E-6			3.829570E-8			2.826026E+0			1.257659E-2			3.881378E+1			7.778052E-3
1.645000E+2			3.281662E-6			3.838774E-8			2.815002E+0			1.005449E-2			3.882933E+1			1.333521E-2
1.646000E+2			3.205070E-6			3.140390E-8			2.805927E+0			8.872012E-3			3.881378E+1			7.778052E-3
1.647000E+2			3.147012E-6			3.154354E-8			2.802655E+0			6.162896E-3			3.882933E+1			1.333521E-2
1.648000E+2			3.080753E-6			3.740435E-8			2.814375E+0			9.092444E-3			3.881378E+1			7.778052E-3
1.649000E+2			3.010516E-6			3.450418E-8			2.833582E+0			1.003496E-2			3.882933E+1			1.333521E-2
1.650000E+2			3.007786E-6			3.344516E-8			2.792822E+0			1.369463E-2			3.883711E+1			1.531859E-2
1.651000E+2			2.918443E-6			2.709480E-8			2.831654E+0			1.201932E-2			3.882933E+1			1.333521E-2
1.652000E+2			2.852774E-6			2.859104E-8			2.833190E+0			1.045139E-2			3.885267E+1			1.856491E-2
1.653000E+2			2.851471E-6			3.145809E-8			2.855308E+0			9.534414E-3			3.884489E+1			1.703727E-2
1.654000E+2			2.790561E-6			1.741518E-8			2.846734E+0			9.831997E-3			3.886822E+1			2.120763E-2
1.655000E+2			2.736837E-6			2.878125E-8			2.846761E+0			1.148861E-2			3.889156E+1			2.445933E-2
1.656000E+2			2.739442E-6			3.001526E-8			2.853947E+0			1.142010E-2			3.884489E+1			1.703727E-2
1.657000E+2			2.621539E-6			3.444220E-8			2.866207E+0			1.324183E-2			3.886044E+1			1.994545E-2
1.658000E+2			2.610296E-6			2.128696E-8			2.867019E+0			1.018647E-2			3.882933E+1			1.333521E-2
1.659000E+2			2.555169E-6			2.734584E-8			2.854337E+0			1.226475E-2			3.886044E+1			1.994545E-2
1.660000E+2			2.551070E-6			3.221853E-8			2.859311E+0			1.035820E-2			3.882155E+1			1.094413E-2
1.661000E+2			2.490055E-6			2.989915E-8			2.876626E+0			9.605004E-3			3.885267E+1			1.856491E-2
1.662000E+2			2.558577E-6			2.421130E-8			2.887679E+0			1.419478E-2			3.888896E+1			2.549905E-2
1.663000E+2			2.513097E-6			3.217880E-8			2.846219E+0			9.082129E-3			3.882155E+1			1.094413E-2
1.664000E+2			2.427648E-6			3.770779E-8			2.873984E+0			1.403525E-2			3.884489E+1			1.703727E-2
1.665000E+2			2.411536E-6			2.645795E-8			2.906606E+0			1.421910E-2			3.886044E+1			1.994545E-2
1.666000E+2			2.341707E-6			3.802914E-8			2.903880E+0			1.172932E-2			3.886822E+1			2.120763E-2
1.667000E+2			2.279220E-6			2.560211E-8			2.873283E+0			1.434945E-2			3.889933E+1			2.540301E-2
1.668000E+2			2.276756E-6			2.535259E-8			2.880562E+0			9.152703E-3			3.886044E+1			1.994545E-2
1.669000E+2			2.271918E-6			2.314366E-8			2.902532E+0			1.197054E-2			3.886822E+1			2.120763E-2
1.670000E+2			2.289333E-6			2.424608E-8			2.908153E+0			1.128158E-2			3.889933E+1			2.540301E-2
1.671000E+2			2.210781E-6			2.382535E-8			2.910394E+0			1.513867E-2			3.885267E+1			1.856491E-2
1.672000E+2			2.147126E-6			3.523555E-8			2.877595E+0			1.167233E-2			3.886822E+1			2.120763E-2
1.673000E+2			2.131429E-6			3.302006E-8			2.897900E+0			1.699102E-2			3.882155E+1			1.094413E-2
1.674000E+2			2.060791E-6			2.429036E-8			2.878309E+0			1.452938E-2			3.882933E+1			1.333521E-2
1.675000E+2			2.079919E-6			2.832711E-8			2.918914E+0			1.034029E-2			3.884489E+1			1.703727E-2
1.676000E+2			2.063027E-6			2.849957E-8			2.917308E+0			1.084532E-2			3.886044E+1			1.994545E-2
1.677000E+2			2.072062E-6			2.256116E-8			2.880846E+0			1.774006E-2			3.887600E+1			2.237150E-2
1.678000E+2			2.032270E-6			3.438569E-8			2.906421E+0			1.318835E-2			3.884489E+1			1.703727E-2
1.679000E+2			2.015700E-6			2.872065E-8			2.890186E+0			1.339931E-2			3.887600E+1			2.237150E-2
1.680000E+2			1.983565E-6			3.479146E-8			2.943311E+0			1.479065E-2			3.883711E+1			1.531859E-2
1.681000E+2			1.991001E-6			3.276622E-8			2.907737E+0			1.224789E-2			3.884489E+1			1.703727E-2
1.682000E+2			1.900454E-6			2.400202E-8			2.908675E+0			1.923117E-2			3.889156E+1			2.445933E-2
1.683000E+2			1.939195E-6			3.918165E-8			2.935954E+0			1.281323E-2			3.886822E+1			2.120763E-2
1.684000E+2			1.939808E-6			3.273437E-8			2.927726E+0			1.789519E-2			3.887600E+1			2.237150E-2
1.685000E+2			1.818041E-6			2.387250E-8			2.941468E+0			1.619798E-2			3.893045E+1			2.865846E-2
1.686000E+2			1.904430E-6			3.292403E-8			2.927049E+0			2.103482E-2			3.883711E+1			1.531859E-2
1.687000E+2			1.836974E-6			3.968090E-8			2.936232E+0			1.630147E-2			3.891489E+1			2.712480E-2
1.688000E+2			1.821233E-6			2.760797E-8			2.943609E+0			1.976034E-2			3.883711E+1			1.531859E-2
1.689000E+2			1.794616E-6			2.626065E-8			2.938005E+0			1.794015E-2			3.884489E+1			1.703727E-2
1.690000E+2			1.779648E-6			3.164648E-8			2.645120E+0			2.962370E-1			3.886044E+1			1.994545E-2
1.691000E+2			1.778223E-6			3.839261E-8			2.927084E+0			1.550680E-2			3.887600E+1			2.237150E-2
1.692000E+2			1.775930E-6			2.653006E-8			2.930359E+0			1.802881E-2			3.882933E+1			1.333521E-2
1.693000E+2			1.731890E-6			3.210997E-8			2.937664E+0			2.292433E-2			3.885267E+1			1.856491E-2
1.694000E+2			1.734132E-6			2.566238E-8			2.916814E+0			2.044108E-2			3.884489E+1			1.703727E-2
1.695000E+2			1.730196E-6			3.789225E-8			2.939031E+0			1.891141E-2			3.886044E+1			1.994545E-2
1.696000E+2			1.691925E-6			3.390279E-8			2.669607E+0			2.967450E-1			3.886044E+1			1.994545E-2
1.697000E+2			1.677279E-6			4.417498E-8			2.375565E+0			4.093584E-1			3.884489E+1			1.703727E-2
1.698000E+2			1.695060E-6			3.639719E-8			2.972996E+0			2.066924E-2			3.885267E+1			1.856491E-2
1.699000E+2			1.743065E-6			3.593430E-8			2.903821E+0			3.073966E-2			3.883711E+1			1.531859E-2
1.700000E+2			1.590234E-6			3.448363E-8			2.950090E+0			3.065695E-2			3.886822E+1			2.120763E-2
1.701000E+2			1.583845E-6			4.923528E-8			2.669332E+0			2.980141E-1			3.885267E+1			1.856491E-2
