1.500000E+2			2.344131E-6			1.925129E-7			1.516570E-1			2.529366E-1			3.919490E+1			3.908618E-2
1.501000E+2			2.092646E-6			2.158881E-7			1.551506E-1			1.694707E-1			3.949047E+1			2.540301E-2
1.502000E+2			2.232433E-6			2.092606E-7			-3.795137E-2			1.114974E-1			3.958380E+1			0.000000E+0
1.503000E+2			1.954425E-6			1.987301E-7			4.262751E-2			1.066172E-1			3.966677E+1			1.910564E-2
1.504000E+2			2.250626E-6			1.576860E-7			-2.885455E-2			8.037140E-2			3.991048E+1			2.516130E-2
1.505000E+2			2.118420E-6			1.509144E-7			4.572570E-2			9.784368E-2			3.996752E+1			2.285938E-2
1.506000E+2			2.253935E-6			1.439309E-7			2.411896E-2			7.791894E-2			4.004012E+1			1.693534E-2
1.507000E+2			2.070184E-6			1.234930E-7			4.839981E-2			6.622724E-2			4.009715E+1			5.185368E-3
1.508000E+2			2.127285E-6			8.156704E-8			6.300884E-3			6.126552E-2			4.009715E+1			5.185368E-3
1.509000E+2			2.170786E-6			8.469927E-8			5.119995E-2			4.561966E-2			4.009715E+1			5.185368E-3
1.510000E+2			2.269629E-6			9.469224E-8			-8.641204E-2			2.400047E-2			4.010234E+1			7.141223E-16
1.511000E+2			2.189877E-6			8.033136E-8			3.827456E-2			4.343460E-2			4.010234E+1			7.141223E-16
1.512000E+2			2.063800E-6			7.102261E-8			6.166249E-2			2.904008E-2			4.011012E+1			7.778052E-3
1.513000E+2			2.205572E-6			6.458534E-8			1.048814E-1			3.969975E-2			4.014123E+1			1.703727E-2
1.514000E+2			2.180523E-6			7.586528E-8			5.135795E-2			2.417310E-2			4.017234E+1			2.237150E-2
1.515000E+2			2.385918E-6			5.641072E-8			1.024968E-1			2.091145E-2			4.021123E+1			2.712480E-2
1.516000E+2			2.228758E-6			5.619752E-8			-1.133898E-2			3.052223E-2			4.028901E+1			3.338610E-2
1.517000E+2			2.220660E-6			6.433218E-8			5.956875E-2			2.935536E-2			4.041346E+1			3.829648E-2
1.518000E+2			2.326710E-6			4.880546E-8			5.534149E-2			2.573219E-2			4.049124E+1			3.908618E-2
1.519000E+2			2.364807E-6			4.666952E-8			6.876515E-2			2.132614E-2			4.061569E+1			3.703093E-2
1.520000E+2			2.269692E-6			4.960906E-8			2.154273E-2			2.186547E-2			4.067014E+1			3.470536E-2
1.521000E+2			2.316876E-6			4.198256E-8			3.165915E-2			1.677018E-2			4.067014E+1			3.470536E-2
1.522000E+2			2.472112E-6			4.193774E-8			4.658472E-2			1.953719E-2			4.078681E+1			2.540301E-2
1.523000E+2			2.479338E-6			3.909391E-8			7.997364E-2			2.269936E-2			4.082570E+1			1.994545E-2
1.524000E+2			2.581459E-6			4.937526E-8			9.459346E-2			1.585307E-2			4.081792E+1			2.120763E-2
1.525000E+2			2.630810E-6			3.950785E-8			8.093664E-2			1.573767E-2			4.087237E+1			7.778052E-3
1.526000E+2			2.583335E-6			3.028312E-8			7.208520E-2			1.625603E-2			4.088014E+1			0.000000E+0
1.527000E+2			2.661108E-6			3.666151E-8			1.148263E-1			1.900956E-2			4.088014E+1			0.000000E+0
1.528000E+2			2.712391E-6			4.418412E-8			1.177899E-1			1.579002E-2			4.088014E+1			0.000000E+0
1.529000E+2			2.762388E-6			4.754168E-8			8.255533E-2			1.513728E-2			4.088014E+1			0.000000E+0
1.530000E+2			2.767314E-6			3.594373E-8			9.418136E-2			1.829558E-2			4.088014E+1			0.000000E+0
1.531000E+2			2.813357E-6			6.387493E-8			8.979606E-2			1.612623E-2			4.088014E+1			0.000000E+0
1.532000E+2			2.858870E-6			3.341345E-8			9.510949E-2			1.713861E-2			4.088014E+1			0.000000E+0
1.533000E+2			2.925185E-6			3.179184E-8			7.628332E-2			1.770456E-2			4.088014E+1			0.000000E+0
1.534000E+2			2.923881E-6			3.409564E-8			9.343753E-2			1.319780E-2			4.088533E+1			5.185368E-3
1.535000E+2			3.005600E-6			3.261911E-8			1.197316E-1			1.231794E-2			4.088533E+1			5.185368E-3
1.536000E+2			3.072216E-6			3.698744E-8			1.331039E-1			6.782434E-3			4.089052E+1			7.296087E-3
1.537000E+2			3.023917E-6			3.854079E-8			1.213645E-1			1.074262E-2			4.091126E+1			1.237661E-2
1.538000E+2			3.218427E-6			3.944388E-8			1.182289E-1			1.235346E-2			4.090607E+1			1.135818E-2
1.539000E+2			3.191993E-6			3.685008E-8			1.446453E-1			1.219572E-2			4.091644E+1			1.329696E-2
1.540000E+2			3.259905E-6			3.035477E-8			1.480642E-1			1.203365E-2			4.091644E+1			1.329696E-2
1.541000E+2			3.279513E-6			3.460218E-8			1.396708E-1			1.251300E-2			4.093200E+1			1.563447E-2
1.542000E+2			3.364018E-6			4.322835E-8			1.686254E-1			1.121512E-2			4.093718E+1			1.630622E-2
1.543000E+2			3.412009E-6			3.313946E-8			1.544304E-1			1.292426E-2			4.095793E+1			1.860874E-2
1.544000E+2			3.433908E-6			3.523320E-8			1.770870E-1			1.331532E-2			4.099422E+1			2.158841E-2
1.545000E+2			3.578830E-6			5.437697E-8			1.676227E-1			2.003356E-2			4.102534E+1			2.339954E-2
1.546000E+2			3.647154E-6			6.442603E-8			1.746884E-1			1.809298E-2			4.101496E+1			2.285938E-2
1.547000E+2			3.670747E-6			6.424191E-8			2.126702E-1			1.823512E-2			4.107719E+1			2.529587E-2
1.548000E+2			3.831603E-6			6.489858E-8			1.993165E-1			1.777114E-2			4.110830E+1			2.586916E-2
1.549000E+2			3.838353E-6			7.721275E-8			1.952126E-1			1.880235E-2			4.117053E+1			2.586916E-2
1.550000E+2			3.891448E-6			6.638915E-8			1.911399E-1			1.841434E-2			4.115497E+1			2.601051E-2
1.551000E+2			4.070778E-6			4.670611E-8			2.147696E-1			1.806153E-2			4.116015E+1			2.597394E-2
1.552000E+2			4.108541E-6			6.657458E-8			2.144786E-1			1.410545E-2			4.123275E+1			2.431036E-2
1.553000E+2			4.148111E-6			7.202615E-8			2.168250E-1			2.094622E-2			4.125349E+1			2.339954E-2
1.554000E+2			4.215251E-6			9.709324E-8			2.474277E-1			1.884929E-2			4.125868E+1			2.313691E-2
1.555000E+2			4.399551E-6			8.072375E-8			2.303158E-1			1.702615E-2			4.131053E+1			1.957607E-2
1.556000E+2			4.454497E-6			8.510370E-8			2.277531E-1			1.779991E-2			4.133646E+1			1.693534E-2
1.557000E+2			4.614060E-6			7.232400E-8			2.560679E-1			1.555460E-2			4.130016E+1			2.044473E-2
1.558000E+2			4.651287E-6			6.692596E-8			2.622081E-1			1.260503E-2			4.127942E+1			2.193165E-2
1.559000E+2			4.816939E-6			6.946315E-8			2.852647E-1			1.551884E-2			4.131053E+1			1.957607E-2
1.560000E+2			5.000743E-6			4.811483E-8			2.703355E-1			1.231920E-2			4.133646E+1			1.693534E-2
1.561000E+2			5.147451E-6			5.159244E-8			3.131876E-1			1.017321E-2			4.130535E+1			2.002189E-2
1.562000E+2			5.242765E-6			5.024514E-8			3.149394E-1			1.018412E-2			4.136757E+1			1.237661E-2
1.563000E+2			5.452541E-6			4.359858E-8			3.151475E-1			8.609082E-3			4.136238E+1			1.329696E-2
1.564000E+2			5.580599E-6			5.433353E-8			3.292561E-1			1.203559E-2			4.138313E+1			8.890138E-3
1.565000E+2			5.667979E-6			5.577073E-8			3.624514E-1			9.997098E-3			4.139609E+1			1.074060E-2
1.566000E+2			5.929606E-6			5.246600E-8			3.836108E-1			1.103959E-2			4.139350E+1			5.185368E-3
1.567000E+2			6.135117E-6			7.114258E-8			3.944190E-1			9.896364E-3			4.138831E+1			7.296087E-3
1.568000E+2			6.254934E-6			5.991255E-8			4.209938E-1			1.026741E-2			4.137794E+1			1.021239E-2
1.569000E+2			6.433207E-6			4.642534E-8			4.197296E-1			9.260952E-3			4.139350E+1			5.185368E-3
1.570000E+2			6.685836E-6			4.634613E-8			4.545170E-1			7.846855E-3			4.138831E+1			7.296087E-3
1.571000E+2			6.928678E-6			5.093548E-8			4.711073E-1			9.004082E-3			4.138313E+1			8.890138E-3
1.572000E+2			7.155759E-6			8.360933E-8			4.905501E-1			9.857936E-3			4.138313E+1			8.890138E-3
1.573000E+2			7.336735E-6			5.173971E-8			5.082562E-1			8.344105E-3			4.139350E+1			5.185368E-3
1.574000E+2			7.539725E-6			7.485347E-8			5.419186E-1			6.947468E-3			4.139868E+1			0.000000E+0
1.575000E+2			7.859846E-6			7.776340E-8			5.523705E-1			7.023478E-3			4.139868E+1			0.000000E+0
1.576000E+2			8.266000E-6			1.019338E-7			5.970372E-1			1.004484E-2			4.139868E+1			0.000000E+0
1.577000E+2			8.375486E-6			1.192485E-7			6.197725E-1			8.196391E-3			4.139868E+1			0.000000E+0
1.578000E+2			8.798675E-6			7.752875E-8			6.594777E-1			9.200096E-3			4.139868E+1			0.000000E+0
1.579000E+2			9.193603E-6			8.290832E-8			6.936702E-1			1.036649E-2			4.140646E+1			7.778052E-3
1.580000E+2			9.369037E-6			8.967235E-8			7.340073E-1			9.169544E-3			4.139868E+1			0.000000E+0
1.581000E+2			9.841191E-6			8.378141E-8			7.813009E-1			8.758528E-3			4.140646E+1			7.778052E-3
1.582000E+2			1.015199E-5			8.352224E-8			8.276400E-1			8.579913E-3			4.139868E+1			0.000000E+0
1.583000E+2			1.068430E-5			1.062148E-7			8.714875E-1			8.061703E-3			4.139350E+1			5.185368E-3
1.584000E+2			1.096377E-5			8.349734E-8			9.369616E-1			7.437713E-3			4.140646E+1			7.778052E-3
1.585000E+2			1.121692E-5			1.281549E-7			9.820165E-1			9.986292E-3			4.140646E+1			7.778052E-3
1.586000E+2			1.174211E-5			1.282849E-7			1.036816E+0			7.309041E-3			4.140646E+1			7.778052E-3
1.587000E+2			1.183978E-5			7.508524E-8			1.110497E+0			1.187746E-2			4.142202E+1			1.333521E-2
1.588000E+2			1.229444E-5			8.950294E-8			1.147855E+0			1.012481E-2			4.142979E+1			1.531859E-2
1.589000E+2			1.236451E-5			1.172511E-7			1.222319E+0			9.126823E-3			4.140646E+1			7.778052E-3
1.590000E+2			1.277183E-5			8.202502E-8			1.291836E+0			8.122996E-3			4.141424E+1			1.094413E-2
1.591000E+2			1.273444E-5			1.083626E-7			1.380598E+0			8.953176E-3			4.139868E+1			0.000000E+0
1.592000E+2			1.310922E-5			1.224733E-7			1.437044E+0			9.225044E-3			4.140646E+1			7.778052E-3
1.593000E+2			1.286871E-5			1.188257E-7			1.496547E+0			7.708896E-3			4.142202E+1			1.333521E-2
1.594000E+2			1.258491E-5			9.057851E-8			1.599103E+0			1.023393E-2			4.141424E+1			1.094413E-2
1.595000E+2			1.268392E-5			1.036699E-7			1.686174E+0			9.835296E-3			4.139868E+1			0.000000E+0
1.596000E+2			1.227337E-5			1.068746E-7			1.716716E+0			9.560559E-3			4.144535E+1			1.856491E-2
1.597000E+2			1.197065E-5			1.036423E-7			1.821200E+0			9.709532E-3			4.142979E+1			1.531859E-2
1.598000E+2			1.172633E-5			1.041514E-7			1.883388E+0			1.015036E-2			4.142202E+1			1.333521E-2
1.599000E+2			1.159530E-5			9.675159E-8			1.925573E+0			8.444999E-3			4.142979E+1			1.531859E-2
1.600000E+2			1.109022E-5			7.898566E-8			1.983162E+0			1.169686E-2			4.144535E+1			1.856491E-2
1.601000E+2			1.089652E-5			8.855087E-8			2.044171E+0			8.674521E-3			4.142979E+1			1.531859E-2
1.602000E+2			1.040863E-5			7.328971E-8			2.109883E+0			9.404987E-3			4.145313E+1			1.994545E-2
1.603000E+2			9.873273E-6			7.976402E-8			2.157100E+0			9.623251E-3			4.142979E+1			1.531859E-2
1.604000E+2			9.779625E-6			9.302801E-8			2.165286E+0			1.000991E-2			4.142202E+1			1.333521E-2
1.605000E+2			9.369833E-6			9.331809E-8			2.210693E+0			8.211003E-3			4.144535E+1			1.856491E-2
1.606000E+2			8.884514E-6			6.535418E-8			2.258098E+0			9.259594E-3			4.146091E+1			2.120763E-2
1.607000E+2			8.729310E-6			7.366840E-8			2.304986E+0			7.729389E-3			4.144535E+1			1.856491E-2
1.608000E+2			8.297243E-6			7.128078E-8			2.323909E+0			9.354324E-3			4.143757E+1			1.703727E-2
1.609000E+2			8.076977E-6			7.026483E-8			2.366857E+0			1.231998E-2			4.145313E+1			1.994545E-2
1.610000E+2			7.718252E-6			7.201102E-8			2.381758E+0			7.241969E-3			4.146091E+1			2.120763E-2
1.611000E+2			7.492278E-6			4.959673E-8			2.442522E+0			9.592986E-3			4.145313E+1			1.994545E-2
1.612000E+2			7.216678E-6			5.054331E-8			2.439807E+0			8.391544E-3			4.151535E+1			2.791312E-2
1.613000E+2			6.966497E-6			6.629281E-8			2.480873E+0			1.078023E-2			4.148424E+1			2.445933E-2
1.614000E+2			6.790167E-6			7.108578E-8			2.513140E+0			6.560817E-3			4.149202E+1			2.540301E-2
1.615000E+2			6.474725E-6			4.730483E-8			2.540072E+0			9.824598E-3			4.147646E+1			2.345171E-2
1.616000E+2			6.399737E-6			4.346772E-8			2.538912E+0			1.045313E-2			4.146868E+1			2.237150E-2
1.617000E+2			6.121038E-6			4.918971E-8			2.542177E+0			1.050797E-2			4.145313E+1			1.994545E-2
1.618000E+2			5.918660E-6			5.748658E-8			2.563543E+0			1.047008E-2			4.146091E+1			2.120763E-2
1.619000E+2			5.642874E-6			6.029586E-8			2.589144E+0			7.809315E-3			4.144535E+1			1.856491E-2
1.620000E+2			5.609042E-6			4.541439E-8			2.587609E+0			9.097952E-3			4.146091E+1			2.120763E-2
1.621000E+2			5.406937E-6			6.260726E-8			2.616193E+0			7.551924E-3			4.145313E+1			1.994545E-2
1.622000E+2			5.401540E-6			5.617343E-8			2.623424E+0			8.936595E-3			4.146091E+1			2.120763E-2
1.623000E+2			5.101798E-6			3.735560E-8			2.643089E+0			6.254090E-3			4.146091E+1			2.120763E-2
1.624000E+2			4.921142E-6			5.241154E-8			2.659845E+0			1.062387E-2			4.147646E+1			2.345171E-2
1.625000E+2			4.862304E-6			4.320198E-8			2.653268E+0			1.062314E-2			4.145313E+1			1.994545E-2
1.626000E+2			4.811606E-6			4.578320E-8			2.673771E+0			7.698186E-3			4.148424E+1			2.445933E-2
1.627000E+2			4.599207E-6			4.041465E-8			2.706481E+0			7.668532E-3			4.146868E+1			2.237150E-2
1.628000E+2			4.582938E-6			4.601272E-8			2.687105E+0			7.866462E-3			4.152313E+1			2.865846E-2
1.629000E+2			4.491174E-6			3.568987E-8			2.684318E+0			7.378517E-3			4.154646E+1			3.066709E-2
1.630000E+2			4.348149E-6			3.204237E-8			2.715930E+0			1.156133E-2			4.149202E+1			2.540301E-2
1.631000E+2			4.189984E-6			2.810975E-8			2.744238E+0			8.741374E-3			4.149202E+1			2.540301E-2
1.632000E+2			4.173965E-6			4.767053E-8			2.736319E+0			1.198749E-2			4.145313E+1			1.994545E-2
1.633000E+2			4.015172E-6			3.255027E-8			2.724178E+0			1.072481E-2			4.146091E+1			2.120763E-2
1.634000E+2			3.970347E-6			2.954679E-8			2.730516E+0			7.125182E-3			4.146868E+1			2.237150E-2
1.635000E+2			3.843832E-6			3.768960E-8			2.749050E+0			9.684843E-3			4.144535E+1			1.856491E-2
1.636000E+2			3.767244E-6			2.902829E-8			2.753838E+0			7.671740E-3			4.149202E+1			2.540301E-2
1.637000E+2			3.683589E-6			3.470759E-8			2.747616E+0			8.901410E-3			4.151535E+1			2.791312E-2
1.638000E+2			3.608935E-6			4.287808E-8			2.763215E+0			1.036458E-2			4.149980E+1			2.628963E-2
1.639000E+2			3.558072E-6			3.703485E-8			2.775525E+0			7.273561E-3			4.145313E+1			1.994545E-2
1.640000E+2			3.487196E-6			3.383102E-8			2.793458E+0			7.558082E-3			4.145313E+1			1.994545E-2
1.641000E+2			3.388346E-6			2.972968E-8			2.769016E+0			1.156582E-2			4.150757E+1			2.712480E-2
1.642000E+2			3.260602E-6			3.809567E-8			2.797334E+0			1.131532E-2			4.155424E+1			3.126895E-2
1.643000E+2			3.324149E-6			3.602578E-8			2.792218E+0			1.278984E-2			4.152313E+1			2.865846E-2
1.644000E+2			3.186207E-6			3.916778E-8			2.814356E+0			1.106431E-2			4.152313E+1			2.865846E-2
1.645000E+2			3.164668E-6			3.220042E-8			2.803353E+0			9.173594E-3			4.144535E+1			1.856491E-2
1.646000E+2			3.128470E-6			3.133003E-8			2.798703E+0			9.698850E-3			4.142202E+1			1.333521E-2
1.647000E+2			3.087927E-6			3.549646E-8			2.804083E+0			9.276258E-3			4.146868E+1			2.237150E-2
1.648000E+2			2.995445E-6			3.449201E-8			2.830849E+0			6.806678E-3			4.150757E+1			2.712480E-2
1.649000E+2			2.922483E-6			2.877056E-8			2.832233E+0			1.065428E-2			4.150757E+1			2.712480E-2
1.650000E+2			2.951362E-6			3.254640E-8			2.826157E+0			9.036446E-3			4.146868E+1			2.237150E-2
1.651000E+2			2.869965E-6			2.535219E-8			2.846218E+0			1.179310E-2			4.149980E+1			2.628963E-2
1.652000E+2			2.853186E-6			2.176552E-8			2.842152E+0			1.114727E-2			4.146868E+1			2.237150E-2
1.653000E+2			2.754870E-6			3.381200E-8			2.840071E+0			1.052467E-2			4.149202E+1			2.540301E-2
1.654000E+2			2.751950E-6			1.984660E-8			2.846787E+0			1.238680E-2			4.151535E+1			2.791312E-2
1.655000E+2			2.690373E-6			3.071790E-8			2.840754E+0			1.058236E-2			4.146868E+1			2.237150E-2
1.656000E+2			2.631723E-6			2.167545E-8			2.850214E+0			1.058478E-2			4.149202E+1			2.540301E-2
1.657000E+2			2.592797E-6			2.345053E-8			2.864613E+0			1.366765E-2			4.149980E+1			2.628963E-2
1.658000E+2			2.550798E-6			2.155148E-8			2.874586E+0			9.410382E-3			4.145313E+1			1.994545E-2
1.659000E+2			2.530987E-6			3.173859E-8			2.864684E+0			9.875571E-3			4.146091E+1			2.120763E-2
1.660000E+2			2.550794E-6			3.070824E-8			2.847939E+0			1.155453E-2			4.147646E+1			2.345171E-2
1.661000E+2			2.496668E-6			3.272295E-8			2.873708E+0			1.234251E-2			4.149202E+1			2.540301E-2
1.662000E+2			2.455153E-6			3.166436E-8			2.887298E+0			1.227516E-2			4.146091E+1			2.120763E-2
1.663000E+2			2.389374E-6			2.591691E-8			2.858035E+0			9.745068E-3			4.144535E+1			1.856491E-2
1.664000E+2			2.336677E-6			2.742554E-8			2.876022E+0			1.110591E-2			4.146091E+1			2.120763E-2
1.665000E+2			2.367423E-6			3.163467E-8			2.887735E+0			1.107513E-2			4.144535E+1			1.856491E-2
1.666000E+2			2.324654E-6			2.847885E-8			2.870581E+0			1.045063E-2			4.149202E+1			2.540301E-2
1.667000E+2			2.286951E-6			2.233074E-8			2.887886E+0			1.376290E-2			4.148424E+1			2.445933E-2
1.668000E+2			2.257532E-6			2.670342E-8			2.861176E+0			1.373832E-2			4.150757E+1			2.712480E-2
1.669000E+2			2.227495E-6			2.894322E-8			2.878159E+0			1.303900E-2			4.146868E+1			2.237150E-2
1.670000E+2			2.231342E-6			2.291172E-8			2.897124E+0			1.166687E-2			4.149202E+1			2.540301E-2
1.671000E+2			2.156119E-6			2.767039E-8			2.916350E+0			1.162404E-2			4.147646E+1			2.345171E-2
1.672000E+2			2.146924E-6			2.293393E-8			2.902680E+0			1.137683E-2			4.145313E+1			1.994545E-2
1.673000E+2			2.065493E-6			2.214464E-8			2.919238E+0			1.174044E-2			4.148424E+1			2.445933E-2
1.674000E+2			2.137257E-6			3.255937E-8			2.922173E+0			1.143033E-2			4.145313E+1			1.994545E-2
1.675000E+2			2.097250E-6			2.412375E-8			2.897303E+0			1.301267E-2			4.151535E+1			2.791312E-2
1.676000E+2			2.083279E-6			3.117341E-8			2.915363E+0			1.474603E-2			4.152313E+1			2.865846E-2
1.677000E+2			2.023684E-6			2.244310E-8			2.915370E+0			1.382683E-2			4.149980E+1			2.628963E-2
1.678000E+2			2.016610E-6			2.856823E-8			2.902391E+0			1.459196E-2			4.148424E+1			2.445933E-2
1.679000E+2			1.987770E-6			2.886573E-8			2.909567E+0			1.593938E-2			4.149202E+1			2.540301E-2
1.680000E+2			1.946471E-6			2.965093E-8			2.945491E+0			1.617127E-2			4.149980E+1			2.628963E-2
1.681000E+2			1.911926E-6			3.171374E-8			2.895377E+0			1.482062E-2			4.149980E+1			2.628963E-2
1.682000E+2			1.912754E-6			2.262912E-8			2.933095E+0			1.730518E-2			4.152313E+1			2.865846E-2
1.683000E+2			1.903702E-6			3.089772E-8			2.924549E+0			9.967324E-3			4.146868E+1			2.237150E-2
1.684000E+2			1.891737E-6			3.092508E-8			2.932312E+0			1.453727E-2			4.148424E+1			2.445933E-2
1.685000E+2			1.912666E-6			1.950141E-8			2.893299E+0			1.416134E-2			4.148424E+1			2.445933E-2
1.686000E+2			1.838906E-6			3.701507E-8			2.918972E+0			1.349031E-2			4.146091E+1			2.120763E-2
1.687000E+2			1.836899E-6			2.055717E-8			2.927139E+0			1.356044E-2			4.147646E+1			2.345171E-2
1.688000E+2			1.812643E-6			3.829391E-8			2.927243E+0			1.727840E-2			4.147646E+1			2.345171E-2
1.689000E+2			1.796489E-6			2.604813E-8			2.920150E+0			1.196044E-2			4.148424E+1			2.445933E-2
1.690000E+2			1.799092E-6			2.149705E-8			2.947817E+0			1.676797E-2			4.147646E+1			2.345171E-2
1.691000E+2			1.720445E-6			3.626382E-8			2.951528E+0			1.568987E-2			4.153091E+1			2.936410E-2
1.692000E+2			1.717781E-6			3.460461E-8			2.945563E+0			1.815237E-2			4.149980E+1			2.628963E-2
1.693000E+2			1.715502E-6			3.643202E-8			2.936951E+0			1.719996E-2			4.149980E+1			2.628963E-2
1.694000E+2			1.708497E-6			3.199729E-8			2.649481E+0			2.947371E-1			4.152313E+1			2.865846E-2
1.695000E+2			1.699803E-6			3.704899E-8			2.951573E+0			1.823867E-2			4.149980E+1			2.628963E-2
1.696000E+2			1.645181E-6			3.449262E-8			2.973724E+0			2.744989E-2			4.152313E+1			2.865846E-2
1.697000E+2			1.698736E-6			3.592844E-8			2.979594E+0			1.933702E-2			4.148424E+1			2.445933E-2
1.698000E+2			1.598555E-6			3.422849E-8			2.689677E+0			2.975849E-1			4.146868E+1			2.237150E-2
1.699000E+2			1.647099E-6			4.503816E-8			2.650394E+0			2.967754E-1			4.150757E+1			2.712480E-2
1.700000E+2			1.580101E-6			5.560602E-8			2.405319E+0			4.102995E-1			4.144535E+1			1.856491E-2
1.701000E+2			1.643066E-6			4.375832E-8			2.921269E+0			2.599630E-2			4.145313E+1			1.994545E-2
