1.500000E+2			2.450985E-6			2.895045E-7			1.077627E-1			2.949769E-1			4.186536E+1			3.829648E-2
1.501000E+2			3.120694E-6			2.035732E-7			2.500679E-1			1.407319E-1			4.216093E+1			1.094413E-2
1.502000E+2			2.664325E-6			2.571885E-7			-7.128264E-2			1.356985E-1			4.218167E+1			5.185368E-3
1.503000E+2			2.418158E-6			1.895410E-7			7.834055E-2			1.019956E-1			4.233205E+1			2.388205E-2
1.504000E+2			2.381923E-6			1.304199E-7			7.627679E-2			8.536111E-2			4.256020E+1			2.285938E-2
1.505000E+2			1.946544E-6			1.370875E-7			-9.232356E-2			9.044946E-2			4.267428E+1			1.021239E-2
1.506000E+2			1.926481E-6			1.506101E-7			-9.795401E-2			6.538296E-2			4.269502E+1			0.000000E+0
1.507000E+2			2.139938E-6			1.114245E-7			-1.012399E-2			6.249893E-2			4.269502E+1			0.000000E+0
1.508000E+2			2.104764E-6			1.104760E-7			2.644539E-2			5.525156E-2			4.269502E+1			0.000000E+0
1.509000E+2			2.084643E-6			1.001482E-7			1.687712E-2			5.206589E-2			4.270280E+1			7.778052E-3
1.510000E+2			2.215670E-6			9.308619E-8			5.054288E-2			4.345074E-2			4.272614E+1			1.531859E-2
1.511000E+2			2.349690E-6			7.487620E-8			5.129588E-2			3.737786E-2			4.271836E+1			1.333521E-2
1.512000E+2			2.234809E-6			8.541387E-8			6.844649E-2			4.403311E-2			4.287392E+1			3.289747E-2
1.513000E+2			2.266028E-6			7.870302E-8			1.108804E-1			4.143644E-2			4.300615E+1			3.829648E-2
1.514000E+2			2.263605E-6			6.634589E-8			5.605281E-2			3.401768E-2			4.317726E+1			3.794381E-2
1.515000E+2			2.230742E-6			7.085829E-8			4.151466E-2			2.714897E-2			4.331727E+1			3.126895E-2
1.516000E+2			2.218321E-6			6.515530E-8			5.279816E-2			2.782726E-2			4.343394E+1			1.703727E-2
1.517000E+2			2.266160E-6			5.449434E-8			4.876590E-2			2.765093E-2			4.343394E+1			1.703727E-2
1.518000E+2			2.323299E-6			5.500694E-8			8.258044E-2			2.417968E-2			4.346505E+1			7.778052E-3
1.519000E+2			2.403897E-6			5.089338E-8			1.152994E-2			2.546083E-2			4.347801E+1			5.185368E-3
1.520000E+2			2.357274E-6			4.346751E-8			6.579421E-2			2.138332E-2			4.348320E+1			7.296087E-3
1.521000E+2			2.474495E-6			5.138188E-8			5.590603E-2			2.591885E-2			4.351950E+1			1.491434E-2
1.522000E+2			2.453230E-6			5.053411E-8			3.870168E-2			1.709570E-2			4.352987E+1			1.630622E-2
1.523000E+2			2.600027E-6			3.340791E-8			1.098341E-1			1.732673E-2			4.353505E+1			1.693534E-2
1.524000E+2			2.507530E-6			4.760283E-8			6.019280E-2			1.987028E-2			4.357654E+1			2.084596E-2
1.525000E+2			2.567925E-6			4.207888E-8			9.636337E-2			1.948844E-2			4.363876E+1			2.431036E-2
1.526000E+2			2.596224E-6			3.849285E-8			7.910181E-2			2.132585E-2			4.373728E+1			2.605224E-2
1.527000E+2			2.747186E-6			3.473459E-8			9.960311E-2			1.817437E-2			4.383580E+1			2.388205E-2
1.528000E+2			2.700761E-6			4.723661E-8			9.827220E-2			1.558599E-2			4.386692E+1			2.225740E-2
1.529000E+2			2.736794E-6			4.237324E-8			9.640833E-2			1.506845E-2			4.389803E+1			2.002189E-2
1.530000E+2			2.814444E-6			4.244636E-8			1.080262E-1			1.388119E-2			4.390840E+1			1.910564E-2
1.531000E+2			2.828482E-6			4.263687E-8			1.102925E-1			1.919320E-2			4.394470E+1			1.491434E-2
1.532000E+2			2.791116E-6			3.985816E-8			1.112954E-1			1.568121E-2			4.398100E+1			7.296087E-3
1.533000E+2			2.961970E-6			3.846651E-8			8.724556E-2			1.632478E-2			4.398100E+1			7.296087E-3
1.534000E+2			2.956794E-6			3.983223E-8			1.382355E-1			1.074992E-2			4.397581E+1			8.890138E-3
1.535000E+2			3.033754E-6			3.198705E-8			1.297253E-1			1.812242E-2			4.399137E+1			0.000000E+0
1.536000E+2			3.058895E-6			4.023945E-8			1.198968E-1			1.373328E-2			4.399137E+1			0.000000E+0
1.537000E+2			3.046160E-6			2.443415E-8			1.304634E-1			1.450235E-2			4.399137E+1			0.000000E+0
1.538000E+2			3.149104E-6			4.150803E-8			1.048474E-1			1.408827E-2			4.399137E+1			0.000000E+0
1.539000E+2			3.194365E-6			3.270638E-8			1.404572E-1			1.266370E-2			4.399137E+1			0.000000E+0
1.540000E+2			3.292297E-6			4.553292E-8			1.418584E-1			1.245619E-2			4.399137E+1			0.000000E+0
1.541000E+2			3.264641E-6			3.512086E-8			1.782010E-1			1.595740E-2			4.399137E+1			0.000000E+0
1.542000E+2			3.419595E-6			4.680045E-8			1.735360E-1			1.717580E-2			4.399137E+1			0.000000E+0
1.543000E+2			3.462471E-6			4.288835E-8			1.551707E-1			7.666009E-3			4.399137E+1			0.000000E+0
1.544000E+2			3.673476E-6			5.858254E-8			1.538047E-1			1.708893E-2			4.399137E+1			0.000000E+0
1.545000E+2			3.629157E-6			7.073555E-8			1.657216E-1			1.494138E-2			4.399137E+1			0.000000E+0
1.546000E+2			3.735814E-6			5.930277E-8			1.921628E-1			1.000113E-2			4.399137E+1			0.000000E+0
1.547000E+2			3.707930E-6			3.908044E-8			1.794282E-1			1.052486E-2			4.399137E+1			0.000000E+0
1.548000E+2			3.748764E-6			4.225481E-8			1.848327E-1			1.086220E-2			4.399137E+1			0.000000E+0
1.549000E+2			3.869383E-6			5.502556E-8			2.031417E-1			1.344418E-2			4.399137E+1			0.000000E+0
1.550000E+2			4.110108E-6			8.278448E-8			2.060274E-1			1.636486E-2			4.399137E+1			0.000000E+0
1.551000E+2			4.140903E-6			5.773801E-8			2.510529E-1			2.313326E-2			4.399137E+1			0.000000E+0
1.552000E+2			3.950834E-6			5.824642E-8			2.143244E-1			1.639309E-2			4.399137E+1			0.000000E+0
1.553000E+2			4.202561E-6			6.400676E-8			2.219346E-1			1.548674E-2			4.400692E+1			1.094413E-2
1.554000E+2			4.405335E-6			6.060768E-8			2.264195E-1			1.465336E-2			4.400692E+1			1.094413E-2
1.555000E+2			4.478559E-6			6.270307E-8			2.341405E-1			1.732803E-2			4.400692E+1			1.094413E-2
1.556000E+2			4.616922E-6			6.956468E-8			2.527497E-1			1.192191E-2			4.399137E+1			0.000000E+0
1.557000E+2			4.721285E-6			4.407084E-8			2.888154E-1			9.146529E-3			4.401470E+1			1.333521E-2
1.558000E+2			4.916978E-6			5.913831E-8			2.714413E-1			1.230983E-2			4.402248E+1			1.531859E-2
1.559000E+2			4.882791E-6			5.948053E-8			2.793128E-1			8.139432E-3			4.401470E+1			1.333521E-2
1.560000E+2			5.079225E-6			4.952971E-8			3.044490E-1			1.248148E-2			4.405359E+1			2.120763E-2
1.561000E+2			5.236471E-6			6.309510E-8			3.220385E-1			9.147701E-3			4.403803E+1			1.856491E-2
1.562000E+2			5.295380E-6			4.880281E-8			3.294584E-1			8.427078E-3			4.401470E+1			1.333521E-2
1.563000E+2			5.425657E-6			6.171179E-8			3.250103E-1			9.142504E-3			4.404581E+1			1.994545E-2
1.564000E+2			5.578274E-6			4.115317E-8			3.551104E-1			1.066061E-2			4.404581E+1			1.994545E-2
1.565000E+2			5.826718E-6			4.657183E-8			3.680602E-1			8.412108E-3			4.402248E+1			1.531859E-2
1.566000E+2			6.094613E-6			3.427750E-8			3.912589E-1			7.223275E-3			4.404581E+1			1.994545E-2
1.567000E+2			6.138137E-6			5.880593E-8			4.246268E-1			8.972927E-3			4.404581E+1			1.994545E-2
1.568000E+2			6.361013E-6			4.964009E-8			4.114468E-1			7.996955E-3			4.407692E+1			2.445933E-2
1.569000E+2			6.610387E-6			6.056549E-8			4.448735E-1			7.118154E-3			4.405359E+1			2.120763E-2
1.570000E+2			6.795205E-6			4.891381E-8			4.787269E-1			7.467202E-3			4.409248E+1			2.628963E-2
1.571000E+2			7.010299E-6			6.638017E-8			4.885171E-1			8.146215E-3			4.404581E+1			1.994545E-2
1.572000E+2			7.443422E-6			6.535779E-8			5.111428E-1			9.905782E-3			4.411581E+1			2.865846E-2
1.573000E+2			7.578274E-6			7.870401E-8			5.510733E-1			1.028592E-2			4.410804E+1			2.791312E-2
1.574000E+2			7.912779E-6			5.676491E-8			5.914855E-1			7.903784E-3			4.410804E+1			2.791312E-2
1.575000E+2			8.074955E-6			7.355390E-8			5.874314E-1			1.158435E-2			4.410804E+1			2.791312E-2
1.576000E+2			8.435770E-6			7.231523E-8			6.377150E-1			7.585068E-3			4.412359E+1			2.936410E-2
1.577000E+2			8.682485E-6			7.225401E-8			6.487548E-1			8.209491E-3			4.410026E+1			2.712480E-2
1.578000E+2			9.030865E-6			6.337676E-8			7.198291E-1			8.180216E-3			4.411581E+1			2.865846E-2
1.579000E+2			9.503716E-6			6.936819E-8			7.306613E-1			8.732678E-3			4.410804E+1			2.791312E-2
1.580000E+2			9.719878E-6			7.616797E-8			7.756990E-1			7.230254E-3			4.420137E+1			3.470536E-2
1.581000E+2			1.011963E-5			9.051106E-8			8.243835E-1			8.399061E-3			4.420915E+1			3.509930E-2
1.582000E+2			1.035933E-5			7.017330E-8			8.688659E-1			9.465964E-3			4.425582E+1			3.703093E-2
1.583000E+2			1.083415E-5			1.025445E-7			9.081330E-1			8.935853E-3			4.427138E+1			3.752273E-2
1.584000E+2			1.124336E-5			7.269611E-8			9.665898E-1			9.863159E-3			4.428693E+1			3.794381E-2
1.585000E+2			1.148664E-5			1.187495E-7			1.045925E+0			8.676603E-3			4.426360E+1			3.728584E-2
1.586000E+2			1.189156E-5			9.773410E-8			1.124619E+0			7.376773E-3			4.427138E+1			3.752273E-2
1.587000E+2			1.205584E-5			8.702083E-8			1.147269E+0			9.361841E-3			4.427138E+1			3.752273E-2
1.588000E+2			1.227734E-5			9.023211E-8			1.238082E+0			8.907630E-3			4.427138E+1			3.752273E-2
1.589000E+2			1.255912E-5			7.862626E-8			1.315220E+0			7.893661E-3			4.431027E+1			3.844777E-2
1.590000E+2			1.257186E-5			1.133148E-7			1.368368E+0			8.096125E-3			4.427915E+1			3.774195E-2
1.591000E+2			1.282947E-5			7.993396E-8			1.444587E+0			7.711243E-3			4.431804E+1			3.858264E-2
1.592000E+2			1.249111E-5			8.786057E-8			1.503157E+0			7.058908E-3			4.434138E+1			3.889026E-2
1.593000E+2			1.258316E-5			1.008743E-7			1.605108E+0			1.013425E-2			4.430249E+1			3.829648E-2
1.594000E+2			1.252923E-5			9.601477E-8			1.682540E+0			7.609722E-3			4.434138E+1			3.889026E-2
1.595000E+2			1.232382E-5			1.019942E-7			1.750428E+0			6.730511E-3			4.432582E+1			3.870124E-2
1.596000E+2			1.180436E-5			1.189848E-7			1.803025E+0			8.603932E-3			4.437249E+1			3.907836E-2
1.597000E+2			1.156636E-5			9.714518E-8			1.885307E+0			6.767072E-3			4.438545E+1			3.994192E-2
1.598000E+2			1.123545E-5			1.163939E-7			1.948664E+0			9.597042E-3			4.438805E+1			3.907836E-2
1.599000E+2			1.107461E-5			8.333408E-8			1.985101E+0			7.608606E-3			4.435693E+1			3.901576E-2
1.600000E+2			1.070500E-5			9.551340E-8			2.039658E+0			8.756923E-3			4.439582E+1			3.905490E-2
1.601000E+2			1.026886E-5			9.581543E-8			2.088929E+0			7.964988E-3			4.448916E+1			3.752273E-2
1.602000E+2			1.005669E-5			1.049943E-7			2.162291E+0			6.517947E-3			4.445027E+1			3.844777E-2
1.603000E+2			9.579740E-6			1.017913E-7			2.167484E+0			7.114544E-3			4.445805E+1			3.829648E-2
1.604000E+2			9.247659E-6			7.441960E-8			2.220784E+0			1.127930E-2			4.444249E+1			3.858264E-2
1.605000E+2			8.969621E-6			9.096786E-8			2.250066E+0			6.605497E-3			4.441916E+1			3.889026E-2
1.606000E+2			8.533689E-6			8.193800E-8			2.309130E+0			9.122350E-3			4.445027E+1			3.844777E-2
1.607000E+2			8.364066E-6			6.808990E-8			2.341644E+0			1.004037E-2			4.444249E+1			3.858264E-2
1.608000E+2			7.922525E-6			7.879667E-8			2.356294E+0			9.148903E-3			4.446583E+1			3.812857E-2
1.609000E+2			7.668013E-6			7.685121E-8			2.384517E+0			9.539452E-3			4.443471E+1			3.870124E-2
1.610000E+2			7.297767E-6			7.206470E-8			2.422126E+0			9.984522E-3			4.447360E+1			3.794381E-2
1.611000E+2			7.070366E-6			5.934261E-8			2.450248E+0			7.888275E-3			4.448916E+1			3.752273E-2
1.612000E+2			6.955708E-6			6.585846E-8			2.462866E+0			6.552784E-3			4.448916E+1			3.752273E-2
1.613000E+2			6.596937E-6			4.717944E-8			2.499575E+0			8.418808E-3			4.452027E+1			3.646554E-2
1.614000E+2			6.567347E-6			6.443954E-8			2.531666E+0			8.808758E-3			4.448138E+1			3.774195E-2
1.615000E+2			6.237693E-6			5.398616E-8			2.545073E+0			8.018068E-3			4.452805E+1			3.615419E-2
1.616000E+2			5.978477E-6			4.661417E-8			2.551521E+0			7.125722E-3			4.453583E+1			3.582308E-2
1.617000E+2			5.882491E-6			4.857804E-8			2.578060E+0			7.621128E-3			4.452027E+1			3.646554E-2
1.618000E+2			5.787900E-6			4.643464E-8			2.573895E+0			7.691749E-3			4.449694E+1			3.728584E-2
1.619000E+2			5.610655E-6			4.856618E-8			2.601213E+0			8.736651E-3			4.448138E+1			3.774195E-2
1.620000E+2			5.364865E-6			4.954514E-8			2.612710E+0			8.891710E-3			4.459028E+1			3.289747E-2
1.621000E+2			5.243678E-6			4.692887E-8			2.615299E+0			1.060217E-2			4.451250E+1			3.675764E-2
1.622000E+2			5.130385E-6			5.194618E-8			2.620448E+0			9.484767E-3			4.452027E+1			3.646554E-2
1.623000E+2			4.929181E-6			5.535788E-8			2.655000E+0			7.083143E-3			4.457472E+1			3.384963E-2
1.624000E+2			4.779465E-6			5.025274E-8			2.648197E+0			7.783988E-3			4.461361E+1			3.126895E-2
1.625000E+2			4.744086E-6			5.128892E-8			2.651613E+0			9.735028E-3			4.455916E+1			3.470536E-2
1.626000E+2			4.541860E-6			4.803082E-8			2.673176E+0			9.422540E-3			4.458250E+1			3.338610E-2
1.627000E+2			4.488802E-6			3.981395E-8			2.713738E+0			8.664973E-3			4.456694E+1			3.428908E-2
1.628000E+2			4.335162E-6			4.086298E-8			2.693752E+0			1.024191E-2			4.456694E+1			3.428908E-2
1.629000E+2			4.237039E-6			3.614696E-8			2.702632E+0			1.034684E-2			4.457472E+1			3.384963E-2
1.630000E+2			4.166040E-6			4.841450E-8			2.707937E+0			1.326958E-2			4.454361E+1			3.547165E-2
1.631000E+2			4.087300E-6			3.922684E-8			2.735786E+0			1.036792E-2			4.448916E+1			3.752273E-2
1.632000E+2			3.972390E-6			3.593755E-8			2.746760E+0			1.037834E-2			4.457472E+1			3.384963E-2
1.633000E+2			3.843990E-6			3.275212E-8			2.728704E+0			9.808007E-3			4.457472E+1			3.384963E-2
1.634000E+2			3.873303E-6			2.840737E-8			2.745083E+0			8.961257E-3			4.455916E+1			3.470536E-2
1.635000E+2			3.710158E-6			3.242838E-8			2.771719E+0			1.024970E-2			4.450472E+1			3.703093E-2
1.636000E+2			3.665390E-6			3.558750E-8			2.773912E+0			9.377771E-3			4.454361E+1			3.547165E-2
1.637000E+2			3.563265E-6			3.271591E-8			2.758060E+0			1.416332E-2			4.455916E+1			3.470536E-2
1.638000E+2			3.550593E-6			3.584730E-8			2.792124E+0			1.252643E-2			4.455139E+1			3.509930E-2
1.639000E+2			3.413504E-6			2.671006E-8			2.771635E+0			7.894063E-3			4.455139E+1			3.509930E-2
1.640000E+2			3.422570E-6			2.916072E-8			2.793529E+0			7.877908E-3			4.459805E+1			3.238261E-2
1.641000E+2			3.319354E-6			3.548650E-8			2.789668E+0			7.388083E-3			4.459028E+1			3.289747E-2
1.642000E+2			3.282065E-6			2.199818E-8			2.810124E+0			8.656825E-3			4.459028E+1			3.289747E-2
1.643000E+2			3.136623E-6			2.993162E-8			2.817975E+0			9.700941E-3			4.457472E+1			3.384963E-2
1.644000E+2			3.130297E-6			2.653472E-8			2.815693E+0			1.127443E-2			4.452027E+1			3.646554E-2
1.645000E+2			3.084588E-6			2.232672E-8			2.836420E+0			9.881782E-3			4.459028E+1			3.289747E-2
1.646000E+2			3.069920E-6			2.993574E-8			2.801758E+0			7.798963E-3			4.459805E+1			3.238261E-2
1.647000E+2			2.956697E-6			2.580380E-8			2.813523E+0			8.558136E-3			4.455139E+1			3.509930E-2
1.648000E+2			2.916128E-6			2.918053E-8			2.804405E+0			1.057912E-2			4.462139E+1			3.066709E-2
1.649000E+2			2.883184E-6			3.026551E-8			2.821869E+0			6.420542E-3			4.461361E+1			3.126895E-2
1.650000E+2			2.835824E-6			2.495828E-8			2.829065E+0			1.085109E-2			4.459805E+1			3.238261E-2
1.651000E+2			2.824272E-6			3.344339E-8			2.837965E+0			1.048182E-2			4.463694E+1			2.936410E-2
1.652000E+2			2.784809E-6			3.318143E-8			2.848865E+0			1.316581E-2			4.459028E+1			3.289747E-2
1.653000E+2			2.746202E-6			3.716222E-8			2.851687E+0			1.242402E-2			4.460583E+1			3.184025E-2
1.654000E+2			2.695044E-6			3.732617E-8			2.847919E+0			1.372118E-2			4.460583E+1			3.184025E-2
1.655000E+2			2.661751E-6			2.606668E-8			2.844154E+0			1.501213E-2			4.465250E+1			2.791312E-2
1.656000E+2			2.651618E-6			3.942317E-8			2.871621E+0			1.244101E-2			4.458250E+1			3.338610E-2
1.657000E+2			2.548111E-6			2.172079E-8			2.864798E+0			1.178194E-2			4.459028E+1			3.289747E-2
1.658000E+2			2.513060E-6			2.500866E-8			2.875887E+0			1.262795E-2			4.463694E+1			2.936410E-2
1.659000E+2			2.501640E-6			2.929924E-8			2.852101E+0			1.145825E-2			4.459805E+1			3.238261E-2
1.660000E+2			2.415003E-6			2.835631E-8			2.880638E+0			1.218767E-2			4.455139E+1			3.509930E-2
1.661000E+2			2.419559E-6			2.116002E-8			2.870586E+0			1.028549E-2			4.466806E+1			2.628963E-2
1.662000E+2			2.385702E-6			3.106000E-8			2.884682E+0			9.073280E-3			4.459028E+1			3.289747E-2
1.663000E+2			2.305083E-6			2.742323E-8			2.873197E+0			8.346011E-3			4.458250E+1			3.338610E-2
1.664000E+2			2.313207E-6			1.970238E-8			2.863412E+0			8.860136E-3			4.459028E+1			3.289747E-2
1.665000E+2			2.304133E-6			2.817903E-8			2.901143E+0			1.124168E-2			4.458250E+1			3.338610E-2
1.666000E+2			2.249796E-6			2.343175E-8			2.918478E+0			1.198168E-2			4.462139E+1			3.066709E-2
1.667000E+2			2.204987E-6			2.515463E-8			2.861276E+0			7.715893E-3			4.464472E+1			2.865846E-2
1.668000E+2			2.185270E-6			2.881739E-8			2.899816E+0			9.449345E-3			4.460583E+1			3.184025E-2
1.669000E+2			2.174392E-6			1.611452E-8			2.888686E+0			1.075822E-2			4.462917E+1			3.003284E-2
1.670000E+2			2.153736E-6			2.595514E-8			2.879724E+0			1.170964E-2			4.459028E+1			3.289747E-2
1.671000E+2			2.118489E-6			1.823639E-8			2.889070E+0			1.002889E-2			4.456694E+1			3.428908E-2
1.672000E+2			2.110829E-6			2.436070E-8			2.903114E+0			1.076582E-2			4.460583E+1			3.184025E-2
1.673000E+2			2.088484E-6			2.596845E-8			2.904008E+0			1.429847E-2			4.459805E+1			3.238261E-2
1.674000E+2			2.039122E-6			2.656830E-8			2.902245E+0			1.295549E-2			4.458250E+1			3.338610E-2
1.675000E+2			1.999278E-6			2.830968E-8			2.931926E+0			1.220302E-2			4.465250E+1			2.791312E-2
1.676000E+2			1.984050E-6			3.201383E-8			2.910094E+0			1.467767E-2			4.460583E+1			3.184025E-2
1.677000E+2			1.972408E-6			2.988604E-8			2.899888E+0			1.317872E-2			4.459028E+1			3.289747E-2
1.678000E+2			1.967231E-6			3.130253E-8			2.918253E+0			1.416909E-2			4.460583E+1			3.184025E-2
1.679000E+2			1.954058E-6			2.715319E-8			2.912872E+0			1.597271E-2			4.462139E+1			3.066709E-2
1.680000E+2			1.867435E-6			2.381104E-8			2.958285E+0			1.391365E-2			4.464213E+1			3.004979E-2
1.681000E+2			1.912694E-6			3.180482E-8			2.926164E+0			1.754788E-2			4.464472E+1			2.865846E-2
1.682000E+2			1.854870E-6			2.823852E-8			2.929961E+0			1.557501E-2			4.462917E+1			3.003284E-2
1.683000E+2			1.864086E-6			3.125648E-8			2.928614E+0			1.697283E-2			4.465250E+1			2.791312E-2
1.684000E+2			1.817611E-6			3.273809E-8			2.949559E+0			1.737321E-2			4.462139E+1			3.066709E-2
1.685000E+2			1.857066E-6			2.321673E-8			2.894719E+0			1.056630E-2			4.461361E+1			3.126895E-2
1.686000E+2			1.772644E-6			3.039400E-8			2.904623E+0			1.396954E-2			4.462917E+1			3.003284E-2
1.687000E+2			1.788920E-6			2.558522E-8			2.914690E+0			1.880966E-2			4.465250E+1			2.791312E-2
1.688000E+2			1.741518E-6			2.756064E-8			2.925925E+0			1.735286E-2			4.463694E+1			2.936410E-2
1.689000E+2			1.750783E-6			2.691495E-8			2.941498E+0			1.508787E-2			4.465250E+1			2.791312E-2
1.690000E+2			1.730402E-6			3.803289E-8			2.944777E+0			1.884265E-2			4.466028E+1			2.712480E-2
1.691000E+2			1.684378E-6			2.610614E-8			2.935844E+0			1.945358E-2			4.464472E+1			2.865846E-2
1.692000E+2			1.708919E-6			3.314810E-8			2.917797E+0			1.849395E-2			4.466028E+1			2.712480E-2
1.693000E+2			1.619916E-6			3.526387E-8			2.972280E+0			1.810676E-2			4.462917E+1			3.003284E-2
1.694000E+2			1.691544E-6			2.371959E-8			2.953597E+0			1.648063E-2			4.461102E+1			3.252384E-2
1.695000E+2			1.776089E-6			2.037538E-8			2.955389E+0			1.581167E-2			4.462139E+1			3.066709E-2
1.696000E+2			1.630038E-6			3.784868E-8			2.387306E+0			4.067556E-1			4.462917E+1			3.003284E-2
1.697000E+2			1.639333E-6			3.475293E-8			2.985674E+0			2.476026E-2			4.466028E+1			2.712480E-2
1.698000E+2			1.650968E-6			3.362169E-8			2.696209E+0			2.969894E-1			4.466028E+1			2.712480E-2
1.699000E+2			1.620148E-6			3.774012E-8			2.949838E+0			2.225964E-2			4.465250E+1			2.791312E-2
1.700000E+2			1.732687E-6			1.907168E-8			2.983496E+0			1.721507E-2			4.459805E+1			3.238261E-2
1.701000E+2			1.592435E-6			4.542489E-8			2.646602E+0			2.931615E-1			4.466806E+1			2.628963E-2
