1.500000E+2			2.286081E-6			2.330178E-7			1.392629E-1			2.888213E-1			4.476917E+1			7.141223E-16
1.501000E+2			2.380586E-6			1.377327E-7			-2.155440E-1			1.767197E-1			4.489881E+1			2.256642E-2
1.502000E+2			2.292750E-6			2.336447E-7			-8.108761E-2			1.720135E-1			4.520474E+1			1.910564E-2
1.503000E+2			2.366968E-6			2.222413E-7			-5.643894E-2			1.530557E-1			4.528512E+1			1.074060E-2
1.504000E+2			2.047715E-6			2.235007E-7			1.821706E-2			1.160023E-1			4.528771E+1			7.141223E-16
1.505000E+2			2.272678E-6			1.970850E-7			1.792314E-1			7.643347E-2			4.530326E+1			1.094413E-2
1.506000E+2			1.720974E-6			1.287876E-7			-1.217503E-1			7.034528E-2			4.528771E+1			7.141223E-16
1.507000E+2			2.504225E-6			1.303412E-7			8.584528E-2			5.578020E-2			4.532660E+1			1.703727E-2
1.508000E+2			2.350134E-6			1.365816E-7			1.034101E-2			5.811386E-2			4.534215E+1			1.994545E-2
1.509000E+2			2.142084E-6			1.178821E-7			-3.128759E-3			5.872669E-2			4.534993E+1			2.120763E-2
1.510000E+2			2.100836E-6			1.240745E-7			-1.401068E-2			4.829484E-2			4.543549E+1			3.066709E-2
1.511000E+2			2.328696E-6			8.918107E-8			8.209504E-2			3.776304E-2			4.569994E+1			3.901576E-2
1.512000E+2			2.226440E-6			7.303197E-8			8.321862E-2			5.226811E-2			4.581662E+1			3.646554E-2
1.513000E+2			2.302935E-6			7.828036E-8			8.389267E-2			4.774800E-2			4.593329E+1			2.936410E-2
1.514000E+2			2.291631E-6			6.675720E-8			4.524492E-2			3.436147E-2			4.601107E+1			1.994545E-2
1.515000E+2			2.335653E-6			9.183960E-8			4.107265E-2			3.084321E-2			4.604218E+1			1.333521E-2
1.516000E+2			2.544866E-6			5.706854E-8			6.070288E-2			2.876272E-2			4.607588E+1			7.296087E-3
1.517000E+2			2.461091E-6			5.160309E-8			9.695965E-2			2.292098E-2			4.606551E+1			7.141223E-16
1.518000E+2			2.442633E-6			6.482270E-8			4.515148E-2			3.070132E-2			4.607070E+1			5.185368E-3
1.519000E+2			2.410841E-6			5.447474E-8			5.888948E-2			2.358918E-2			4.610181E+1			1.329696E-2
1.520000E+2			2.474496E-6			4.852374E-8			8.143965E-2			1.891814E-2			4.609144E+1			1.135818E-2
1.521000E+2			2.458628E-6			5.695263E-8			4.553580E-2			2.041529E-2			4.618478E+1			2.193165E-2
1.522000E+2			2.448786E-6			6.128274E-8			9.183498E-2			1.973478E-2			4.631441E+1			2.603660E-2
1.523000E+2			2.398975E-6			4.121883E-8			1.065205E-1			1.561216E-2			4.635589E+1			2.586916E-2
1.524000E+2			2.554718E-6			4.087910E-8			7.995426E-2			1.955323E-2			4.640775E+1			2.468729E-2
1.525000E+2			2.583574E-6			4.751730E-8			7.186645E-2			1.462291E-2			4.646479E+1			2.193165E-2
1.526000E+2			2.722121E-6			4.535205E-8			9.149242E-2			1.662488E-2			4.653738E+1			1.491434E-2
1.527000E+2			2.745783E-6			3.927637E-8			8.453928E-2			1.617702E-2			4.657368E+1			7.296087E-3
1.528000E+2			2.732489E-6			3.420421E-8			1.076577E-1			1.627128E-2			4.657886E+1			5.185368E-3
1.529000E+2			2.792028E-6			3.216765E-8			1.050647E-1			1.124636E-2			4.658405E+1			7.141223E-16
1.530000E+2			2.776296E-6			3.837657E-8			8.209797E-2			1.422287E-2			4.657886E+1			5.185368E-3
1.531000E+2			2.896174E-6			3.378545E-8			1.027868E-1			1.434419E-2			4.658405E+1			7.141223E-16
1.532000E+2			2.869096E-6			3.689502E-8			1.410963E-1			1.549288E-2			4.658405E+1			7.141223E-16
1.533000E+2			3.036782E-6			5.506026E-8			1.231744E-1			1.629740E-2			4.658405E+1			7.141223E-16
1.534000E+2			3.017047E-6			4.448421E-8			1.296837E-1			1.877945E-2			4.658405E+1			7.141223E-16
1.535000E+2			3.017702E-6			4.736399E-8			1.307121E-1			1.579638E-2			4.658405E+1			7.141223E-16
1.536000E+2			3.068664E-6			3.641597E-8			1.089121E-1			1.395317E-2			4.658405E+1			7.141223E-16
1.537000E+2			3.103967E-6			3.646415E-8			1.191483E-1			1.219331E-2			4.658405E+1			7.141223E-16
1.538000E+2			3.203062E-6			3.326431E-8			1.370378E-1			1.410352E-2			4.658405E+1			7.141223E-16
1.539000E+2			3.256026E-6			5.443243E-8			1.643363E-1			1.292760E-2			4.658405E+1			7.141223E-16
1.540000E+2			3.280577E-6			4.206424E-8			1.559109E-1			9.856205E-3			4.658405E+1			7.141223E-16
1.541000E+2			3.359601E-6			4.212942E-8			1.564672E-1			1.184147E-2			4.658405E+1			7.141223E-16
1.542000E+2			3.412732E-6			4.616318E-8			1.686526E-1			1.336371E-2			4.658405E+1			7.141223E-16
1.543000E+2			3.516874E-6			3.959798E-8			1.700889E-1			9.881513E-3			4.659961E+1			1.094413E-2
1.544000E+2			3.605371E-6			6.407840E-8			1.608975E-1			1.770533E-2			4.660738E+1			1.333521E-2
1.545000E+2			3.764736E-6			7.800552E-8			1.647848E-1			2.304014E-2			4.659183E+1			7.778052E-3
1.546000E+2			3.718118E-6			4.191113E-8			1.894517E-1			1.035513E-2			4.659183E+1			7.778052E-3
1.547000E+2			3.779501E-6			3.982773E-8			2.095169E-1			1.206674E-2			4.659961E+1			1.094413E-2
1.548000E+2			3.856712E-6			5.607348E-8			2.039240E-1			9.068033E-3			4.662294E+1			1.703727E-2
1.549000E+2			3.992094E-6			3.578027E-8			2.303844E-1			1.348012E-2			4.660738E+1			1.333521E-2
1.550000E+2			4.139748E-6			5.535752E-8			2.245167E-1			1.289034E-2			4.661516E+1			1.531859E-2
1.551000E+2			4.089498E-6			4.416755E-8			2.315771E-1			1.328166E-2			4.661516E+1			1.531859E-2
1.552000E+2			4.199926E-6			6.270458E-8			2.155546E-1			1.712316E-2			4.662294E+1			1.703727E-2
1.553000E+2			4.329562E-6			8.052032E-8			2.451176E-1			1.527354E-2			4.663850E+1			1.994545E-2
1.554000E+2			4.470499E-6			8.531479E-8			2.934748E-1			1.509086E-2			4.667739E+1			2.540301E-2
1.555000E+2			4.595495E-6			7.890858E-8			3.019382E-1			1.553375E-2			4.671628E+1			2.936410E-2
1.556000E+2			4.790217E-6			9.040866E-8			2.507888E-1			1.873651E-2			4.667739E+1			2.540301E-2
1.557000E+2			4.977839E-6			7.740145E-8			3.077929E-1			1.892188E-2			4.668516E+1			2.628963E-2
1.558000E+2			4.904868E-6			6.269452E-8			2.768966E-1			1.293338E-2			4.673183E+1			3.066709E-2
1.559000E+2			5.088383E-6			7.821479E-8			2.983113E-1			1.323965E-2			4.674739E+1			3.184025E-2
1.560000E+2			5.112429E-6			5.669381E-8			3.247281E-1			7.955187E-3			4.676294E+1			3.289747E-2
1.561000E+2			5.302510E-6			6.003682E-8			3.316766E-1			9.270202E-3			4.680184E+1			3.509930E-2
1.562000E+2			5.535720E-6			5.179620E-8			3.506365E-1			1.072099E-2			4.673961E+1			3.126895E-2
1.563000E+2			5.633651E-6			3.437696E-8			3.733151E-1			9.641763E-3			4.679406E+1			3.470536E-2
1.564000E+2			5.912851E-6			5.157237E-8			3.512418E-1			7.269022E-3			4.677850E+1			3.384963E-2
1.565000E+2			5.959239E-6			5.737543E-8			3.862143E-1			1.121684E-2			4.687962E+1			3.794381E-2
1.566000E+2			6.132619E-6			5.625120E-8			4.147498E-1			7.693829E-3			4.686406E+1			3.752273E-2
1.567000E+2			6.382781E-6			5.920170E-8			4.190936E-1			1.023191E-2			4.689517E+1			3.829648E-2
1.568000E+2			6.590962E-6			3.921242E-8			4.501341E-1			1.118488E-2			4.687184E+1			3.774195E-2
1.569000E+2			6.753386E-6			6.347613E-8			4.628375E-1			1.006264E-2			4.687962E+1			3.794381E-2
1.570000E+2			7.060979E-6			7.473392E-8			4.911740E-1			9.773780E-3			4.693406E+1			3.889026E-2
1.571000E+2			7.179683E-6			7.535434E-8			4.920932E-1			1.232853E-2			4.701962E+1			3.880374E-2
1.572000E+2			7.491001E-6			7.468027E-8			5.377008E-1			9.915785E-3			4.691851E+1			3.870124E-2
1.573000E+2			7.689793E-6			8.906477E-8			5.666366E-1			8.337984E-3			4.702740E+1			3.870124E-2
1.574000E+2			7.936767E-6			6.148263E-8			6.099002E-1			9.367615E-3			4.703518E+1			3.858264E-2
1.575000E+2			8.320669E-6			7.621944E-8			6.204257E-1			1.074958E-2			4.703518E+1			3.858264E-2
1.576000E+2			8.732592E-6			9.023558E-8			6.803947E-1			7.505354E-3			4.709740E+1			3.703093E-2
1.577000E+2			9.053880E-6			7.715451E-8			6.891016E-1			8.412723E-3			4.708185E+1			3.752273E-2
1.578000E+2			9.192232E-6			9.903752E-8			7.412040E-1			1.222420E-2			4.712851E+1			3.582308E-2
1.579000E+2			9.606091E-6			7.745044E-8			7.851436E-1			1.016343E-2			4.708962E+1			3.728584E-2
1.580000E+2			1.000963E-5			6.814185E-8			8.226699E-1			6.037836E-3			4.709740E+1			3.703093E-2
1.581000E+2			1.052865E-5			1.016800E-7			8.791176E-1			8.822917E-3			4.708185E+1			3.752273E-2
1.582000E+2			1.072640E-5			9.497563E-8			9.352305E-1			9.803495E-3			4.716740E+1			3.384963E-2
1.583000E+2			1.117908E-5			1.107208E-7			9.793002E-1			9.723005E-3			4.719592E+1			3.306731E-2
1.584000E+2			1.145194E-5			1.034942E-7			1.048144E+0			8.397491E-3			4.716740E+1			3.384963E-2
1.585000E+2			1.181449E-5			1.295953E-7			1.109778E+0			9.948717E-3			4.723741E+1			2.865846E-2
1.586000E+2			1.204185E-5			1.102074E-7			1.186520E+0			8.402494E-3			4.726852E+1			2.540301E-2
1.587000E+2			1.213986E-5			1.303248E-7			1.236355E+0			7.678502E-3			4.724518E+1			2.791312E-2
1.588000E+2			1.268671E-5			1.816261E-7			1.310353E+0			1.315141E-2			4.722185E+1			3.003284E-2
1.589000E+2			1.240931E-5			1.467778E-7			1.388327E+0			1.253134E-2			4.723741E+1			2.865846E-2
1.590000E+2			1.240611E-5			1.441552E-7			1.457233E+0			1.338226E-2			4.723741E+1			2.865846E-2
1.591000E+2			1.243232E-5			1.452762E-7			1.516692E+0			7.998036E-3			4.718296E+1			3.289747E-2
1.592000E+2			1.246863E-5			1.512679E-7			1.587617E+0			1.403846E-2			4.720629E+1			3.126895E-2
1.593000E+2			1.242364E-5			1.407838E-7			1.674337E+0			7.688926E-3			4.725296E+1			2.712480E-2
1.594000E+2			1.216627E-5			1.327171E-7			1.744868E+0			8.893808E-3			4.725296E+1			2.712480E-2
1.595000E+2			1.202652E-5			1.044713E-7			1.810380E+0			9.984971E-3			4.726074E+1			2.628963E-2
1.596000E+2			1.141655E-5			1.011983E-7			1.881771E+0			6.503675E-3			4.726852E+1			2.540301E-2
1.597000E+2			1.139549E-5			1.559956E-7			1.924373E+0			1.026115E-2			4.727630E+1			2.445933E-2
1.598000E+2			1.082519E-5			1.005589E-7			2.005039E+0			1.209358E-2			4.729445E+1			2.488998E-2
1.599000E+2			1.043607E-5			1.288799E-7			2.044958E+0			1.000209E-2			4.729185E+1			2.237150E-2
1.600000E+2			1.016744E-5			1.039019E-7			2.090494E+0			8.207294E-3			4.725296E+1			2.712480E-2
1.601000E+2			9.845435E-6			9.521747E-8			2.165043E+0			9.171453E-3			4.730741E+1			1.994545E-2
1.602000E+2			9.447309E-6			1.019486E-7			2.208490E+0			1.088451E-2			4.729185E+1			2.237150E-2
1.603000E+2			9.011222E-6			1.198369E-7			2.225712E+0			1.257022E-2			4.727370E+1			2.611472E-2
1.604000E+2			8.879892E-6			8.410560E-8			2.257353E+0			1.151224E-2			4.726074E+1			2.628963E-2
1.605000E+2			8.500974E-6			5.506911E-8			2.298324E+0			1.075347E-2			4.726074E+1			2.628963E-2
1.606000E+2			8.214008E-6			7.304746E-8			2.336264E+0			8.468783E-3			4.729185E+1			2.237150E-2
1.607000E+2			7.940544E-6			9.091604E-8			2.339600E+0			8.913802E-3			4.733074E+1			1.531859E-2
1.608000E+2			7.601894E-6			7.033975E-8			2.373090E+0			1.264688E-2			4.730741E+1			1.994545E-2
1.609000E+2			7.410882E-6			9.411832E-8			2.411403E+0			7.834425E-3			4.730741E+1			1.994545E-2
1.610000E+2			7.119230E-6			6.196151E-8			2.453636E+0			1.089647E-2			4.729185E+1			2.237150E-2
1.611000E+2			6.892577E-6			5.910143E-8			2.482834E+0			8.500648E-3			4.725296E+1			2.712480E-2
1.612000E+2			6.637084E-6			6.926358E-8			2.478023E+0			7.592967E-3			4.729185E+1			2.237150E-2
1.613000E+2			6.396605E-6			5.227593E-8			2.522000E+0			9.686133E-3			4.730741E+1			1.994545E-2
1.614000E+2			6.231653E-6			8.296448E-8			2.531531E+0			1.121462E-2			4.729445E+1			2.488998E-2
1.615000E+2			6.023670E-6			4.047780E-8			2.556438E+0			1.067120E-2			4.729185E+1			2.237150E-2
1.616000E+2			5.934982E-6			4.760021E-8			2.548963E+0			9.837231E-3			4.733074E+1			1.531859E-2
1.617000E+2			5.642278E-6			6.162445E-8			2.577439E+0			1.125962E-2			4.729963E+1			2.120763E-2
1.618000E+2			5.517228E-6			4.777814E-8			2.610400E+0			1.023275E-2			4.729963E+1			2.120763E-2
1.619000E+2			5.466351E-6			5.373956E-8			2.613851E+0			8.431012E-3			4.730741E+1			1.994545E-2
1.620000E+2			5.229348E-6			5.046109E-8			2.606680E+0			1.005762E-2			4.732296E+1			1.703727E-2
1.621000E+2			5.049922E-6			4.649698E-8			2.634272E+0			1.003378E-2			4.733852E+1			1.333521E-2
1.622000E+2			4.965017E-6			3.490472E-8			2.645896E+0			9.391098E-3			4.730482E+1			2.198113E-2
1.623000E+2			4.862520E-6			5.696906E-8			2.663512E+0			8.109197E-3			4.735148E+1			1.217750E-2
1.624000E+2			4.658066E-6			4.873016E-8			2.647663E+0			9.184215E-3			4.734371E+1			1.439306E-2
1.625000E+2			4.498421E-6			5.751655E-8			2.685630E+0			1.378649E-2			4.734889E+1			1.536064E-2
1.626000E+2			4.429348E-6			5.130626E-8			2.713950E+0			8.963449E-3			4.731519E+1			1.856491E-2
1.627000E+2			4.354593E-6			4.663301E-8			2.718825E+0			9.820184E-3			4.733852E+1			1.333521E-2
1.628000E+2			4.218644E-6			3.160837E-8			2.683406E+0			1.167559E-2			4.733852E+1			1.333521E-2
1.629000E+2			4.142478E-6			4.240925E-8			2.710761E+0			9.953581E-3			4.733074E+1			1.531859E-2
1.630000E+2			4.101987E-6			3.981577E-8			2.708224E+0			1.065019E-2			4.732296E+1			1.703727E-2
1.631000E+2			3.994486E-6			4.089569E-8			2.745341E+0			9.719747E-3			4.732296E+1			1.703727E-2
1.632000E+2			3.903021E-6			3.429469E-8			2.750048E+0			8.034025E-3			4.729963E+1			2.120763E-2
1.633000E+2			3.779233E-6			4.255326E-8			2.743331E+0			9.761704E-3			4.733852E+1			1.333521E-2
1.634000E+2			3.709304E-6			2.350335E-8			2.740525E+0			9.788461E-3			4.733852E+1			1.333521E-2
1.635000E+2			3.644654E-6			2.810389E-8			2.755154E+0			8.970558E-3			4.734630E+1			1.094413E-2
1.636000E+2			3.528634E-6			3.308350E-8			2.769876E+0			9.976865E-3			4.736185E+1			0.000000E+0
1.637000E+2			3.490254E-6			3.441597E-8			2.758712E+0			1.173677E-2			4.733074E+1			1.531859E-2
1.638000E+2			3.480440E-6			3.847573E-8			2.770480E+0			1.033137E-2			4.733852E+1			1.333521E-2
1.639000E+2			3.317466E-6			3.042065E-8			2.788185E+0			9.319511E-3			4.733593E+1			1.627288E-2
1.640000E+2			3.306500E-6			3.528730E-8			2.782308E+0			1.180616E-2			4.735667E+1			1.327652E-2
1.641000E+2			3.283800E-6			2.693489E-8			2.821120E+0			9.637268E-3			4.731259E+1			2.074638E-2
1.642000E+2			3.211720E-6			3.922522E-8			2.798664E+0			8.497926E-3			4.733852E+1			1.333521E-2
1.643000E+2			3.105362E-6			2.906946E-8			2.811531E+0			1.049484E-2			4.733593E+1			1.627288E-2
1.644000E+2			3.031524E-6			3.649959E-8			2.811360E+0			1.036199E-2			4.730741E+1			1.994545E-2
1.645000E+2			2.982045E-6			2.707401E-8			2.815528E+0			8.877075E-3			4.733852E+1			1.333521E-2
1.646000E+2			2.982688E-6			3.192163E-8			2.793025E+0			9.825514E-3			4.734630E+1			1.094413E-2
1.647000E+2			2.918028E-6			2.538691E-8			2.828275E+0			1.206529E-2			4.734630E+1			1.094413E-2
1.648000E+2			2.889974E-6			3.680858E-8			2.827428E+0			6.634711E-3			4.735408E+1			7.778052E-3
1.649000E+2			2.857412E-6			3.542058E-8			2.836385E+0			1.195080E-2			4.732296E+1			1.703727E-2
1.650000E+2			2.799631E-6			3.533623E-8			2.835481E+0			1.404843E-2			4.734630E+1			1.094413E-2
1.651000E+2			2.731558E-6			3.555185E-8			2.852432E+0			1.121116E-2			4.730741E+1			1.994545E-2
1.652000E+2			2.713327E-6			3.259551E-8			2.845576E+0			1.425320E-2			4.733074E+1			1.531859E-2
1.653000E+2			2.645808E-6			2.567207E-8			2.852095E+0			1.098687E-2			4.733852E+1			1.333521E-2
1.654000E+2			2.629618E-6			2.965845E-8			2.858366E+0			1.410847E-2			4.736704E+1			5.185368E-3
1.655000E+2			2.554457E-6			3.184030E-8			2.837178E+0			1.311567E-2			4.734889E+1			1.536064E-2
1.656000E+2			2.507646E-6			2.337367E-8			2.831864E+0			1.101655E-2			4.733074E+1			1.531859E-2
1.657000E+2			2.510148E-6			2.950531E-8			2.864234E+0			1.156447E-2			4.733074E+1			1.531859E-2
1.658000E+2			2.492634E-6			2.820635E-8			2.885718E+0			1.024537E-2			4.733852E+1			1.333521E-2
1.659000E+2			2.396859E-6			2.485289E-8			2.844793E+0			1.176791E-2			4.736185E+1			0.000000E+0
1.660000E+2			2.398415E-6			1.847440E-8			2.887389E+0			1.137850E-2			4.733593E+1			1.627288E-2
1.661000E+2			2.366884E-6			2.908714E-8			2.861907E+0			1.329497E-2			4.732296E+1			1.703727E-2
1.662000E+2			2.323868E-6			2.739148E-8			2.880841E+0			1.565819E-2			4.734630E+1			1.094413E-2
1.663000E+2			2.297124E-6			2.766654E-8			2.869039E+0			1.200899E-2			4.735667E+1			1.327652E-2
1.664000E+2			2.281988E-6			2.572221E-8			2.861827E+0			1.119748E-2			4.735926E+1			9.391535E-3
1.665000E+2			2.243538E-6			3.260300E-8			2.924496E+0			9.808296E-3			4.735926E+1			9.391535E-3
1.666000E+2			2.180950E-6			2.191650E-8			2.931703E+0			1.322398E-2			4.732815E+1			1.792291E-2
1.667000E+2			2.246431E-6			3.397209E-8			2.920648E+0			1.737486E-2			4.733852E+1			1.333521E-2
1.668000E+2			2.166233E-6			2.091436E-8			2.888037E+0			1.350758E-2			4.736445E+1			1.074060E-2
1.669000E+2			2.107206E-6			2.708229E-8			2.919826E+0			1.503333E-2			4.736704E+1			5.185368E-3
1.670000E+2			2.124067E-6			1.890763E-8			2.923463E+0			1.261474E-2			4.734630E+1			1.094413E-2
1.671000E+2			2.111946E-6			2.650872E-8			2.926111E+0			1.045262E-2			4.733852E+1			1.333521E-2
1.672000E+2			2.076307E-6			2.589468E-8			2.907505E+0			1.575796E-2			4.735408E+1			7.778052E-3
1.673000E+2			2.080193E-6			2.479641E-8			2.907692E+0			1.338270E-2			4.735926E+1			9.391535E-3
1.674000E+2			2.006743E-6			3.389859E-8			2.924572E+0			1.079356E-2			4.736445E+1			1.074060E-2
1.675000E+2			2.037814E-6			2.724033E-8			2.933819E+0			1.230453E-2			4.731519E+1			1.856491E-2
1.676000E+2			1.931824E-6			2.746884E-8			2.915545E+0			9.883710E-3			4.734371E+1			1.439306E-2
1.677000E+2			1.929188E-6			3.118865E-8			2.889720E+0			1.672360E-2			4.732815E+1			1.792291E-2
1.678000E+2			1.954074E-6			3.731382E-8			2.902595E+0			1.379661E-2			4.733074E+1			1.531859E-2
1.679000E+2			1.846540E-6			3.051331E-8			2.908846E+0			1.430492E-2			4.735926E+1			9.391535E-3
1.680000E+2			1.881940E-6			2.658621E-8			2.896930E+0			1.588295E-2			4.735148E+1			1.217750E-2
1.681000E+2			1.897605E-6			2.447967E-8			2.966704E+0			1.372032E-2			4.733852E+1			1.333521E-2
1.682000E+2			1.860633E-6			2.929055E-8			2.905174E+0			1.653821E-2			4.735926E+1			9.391535E-3
1.683000E+2			1.838588E-6			2.807773E-8			2.957496E+0			1.558312E-2			4.734630E+1			1.094413E-2
1.684000E+2			1.799791E-6			3.415860E-8			2.919524E+0			2.171602E-2			4.733593E+1			1.627288E-2
1.685000E+2			1.802963E-6			2.982384E-8			2.919078E+0			1.458559E-2			4.733852E+1			1.333521E-2
1.686000E+2			1.782734E-6			2.912730E-8			2.964317E+0			1.258144E-2			4.735408E+1			7.778052E-3
1.687000E+2			1.744657E-6			3.144155E-8			2.945665E+0			1.994671E-2			4.733852E+1			1.333521E-2
1.688000E+2			1.701258E-6			3.708628E-8			2.934102E+0			1.794850E-2			4.734111E+1			1.715839E-2
1.689000E+2			1.736741E-6			3.010905E-8			2.924935E+0			9.739715E-3			4.735926E+1			9.391535E-3
1.690000E+2			1.741365E-6			3.147689E-8			2.955105E+0			1.860787E-2			4.735667E+1			1.327652E-2
1.691000E+2			1.675737E-6			2.592869E-8			2.953773E+0			1.973439E-2			4.734371E+1			1.439306E-2
1.692000E+2			1.659909E-6			3.326478E-8			2.938520E+0			1.850439E-2			4.735148E+1			1.217750E-2
1.693000E+2			1.663154E-6			3.124123E-8			2.966945E+0			2.080607E-2			4.737223E+1			7.296087E-3
1.694000E+2			1.614852E-6			2.567558E-8			2.937388E+0			1.802902E-2			4.736445E+1			1.074060E-2
1.695000E+2			1.622125E-6			4.267470E-8			2.955157E+0			2.122328E-2			4.735148E+1			1.217750E-2
1.696000E+2			1.611319E-6			2.933006E-8			2.936443E+0			1.819996E-2			4.733593E+1			1.627288E-2
1.697000E+2			1.599403E-6			4.361214E-8			2.944767E+0			2.263311E-2			4.736185E+1			0.000000E+0
1.698000E+2			1.595117E-6			3.550872E-8			2.983645E+0			2.305987E-2			4.734630E+1			1.094413E-2
1.699000E+2			1.599858E-6			3.562171E-8			2.672348E+0			2.979910E-1			4.735408E+1			7.778052E-3
1.700000E+2			1.603724E-6			3.916134E-8			2.674429E+0			2.978520E-1			4.734630E+1			1.094413E-2
1.701000E+2			1.563884E-6			4.968656E-8			2.927170E+0			2.898000E-2			4.732037E+1			1.940187E-2
