1.500000E+2			2.534241E-6			2.549030E-7			-2.376797E-1			2.625816E-1			4.742408E+1			1.693534E-2
1.501000E+2			2.398998E-6			2.359809E-7			1.882434E-1			1.651973E-1			4.773520E+1			2.339954E-2
1.502000E+2			2.032623E-6			1.838812E-7			9.744229E-2			1.779498E-1			4.785965E+1			1.021239E-2
1.503000E+2			2.019838E-6			2.061112E-7			2.693317E-2			1.376242E-1			4.788039E+1			7.141223E-16
1.504000E+2			1.988868E-6			2.286275E-7			2.593025E-3			1.257479E-1			4.788039E+1			7.141223E-16
1.505000E+2			2.202117E-6			1.774598E-7			1.046354E-2			7.646022E-2			4.788817E+1			7.778052E-3
1.506000E+2			1.950908E-6			1.369364E-7			-6.311106E-2			1.129182E-1			4.795039E+1			2.237150E-2
1.507000E+2			2.052701E-6			1.309971E-7			-8.358091E-2			6.646104E-2			4.804373E+1			3.184025E-2
1.508000E+2			2.298132E-6			1.402773E-7			-7.606688E-3			6.568374E-2			4.828485E+1			3.905490E-2
1.509000E+2			2.232154E-6			8.526573E-8			8.329661E-2			4.976966E-2			4.848708E+1			3.238261E-2
1.510000E+2			2.169613E-6			8.742294E-8			2.530599E-2			5.075082E-2			4.858042E+1			2.345171E-2
1.511000E+2			2.106077E-6			8.153089E-8			7.928129E-2			4.628412E-2			4.865042E+1			7.778052E-3
1.512000E+2			2.271835E-6			8.064641E-8			9.000253E-3			4.393758E-2			4.865560E+1			9.391535E-3
1.513000E+2			2.202856E-6			6.627481E-8			1.332836E-1			3.088637E-2			4.868931E+1			1.237661E-2
1.514000E+2			2.240636E-6			7.561268E-8			9.537670E-2			3.837890E-2			4.872042E+1			1.693534E-2
1.515000E+2			2.306337E-6			6.979417E-8			6.981172E-2			2.691153E-2			4.879820E+1			2.313691E-2
1.516000E+2			2.335703E-6			5.534431E-8			6.719301E-2			2.503967E-2			4.893302E+1			2.601051E-2
1.517000E+2			2.483206E-6			5.554575E-8			4.123332E-2			2.135649E-2			4.906266E+1			2.158841E-2
1.518000E+2			2.420247E-6			6.196303E-8			3.817203E-2			1.860399E-2			4.908340E+1			2.002189E-2
1.519000E+2			2.463116E-6			5.570035E-8			6.469091E-2			2.087957E-2			4.915599E+1			1.021239E-2
1.520000E+2			2.491277E-6			4.867542E-8			7.605209E-2			2.384652E-2			4.917673E+1			7.141223E-16
1.521000E+2			2.462335E-6			4.981669E-8			7.005482E-2			2.052867E-2			4.917673E+1			7.141223E-16
1.522000E+2			2.545838E-6			5.201172E-8			7.876930E-2			1.321172E-2			4.917673E+1			7.141223E-16
1.523000E+2			2.584948E-6			4.926326E-8			9.812960E-2			1.920589E-2			4.917673E+1			7.141223E-16
1.524000E+2			2.588205E-6			4.505865E-8			1.081721E-1			1.853914E-2			4.917673E+1			7.141223E-16
1.525000E+2			2.618295E-6			4.217968E-8			7.711847E-2			1.552141E-2			4.917673E+1			7.141223E-16
1.526000E+2			2.631486E-6			4.665129E-8			9.082517E-2			1.610483E-2			4.917673E+1			7.141223E-16
1.527000E+2			2.746017E-6			4.354560E-8			1.155622E-1			1.497344E-2			4.918451E+1			7.778052E-3
1.528000E+2			2.745913E-6			5.155677E-8			1.473471E-1			1.386222E-2			4.917673E+1			7.141223E-16
1.529000E+2			2.772687E-6			3.912131E-8			8.668845E-2			2.001863E-2			4.917673E+1			7.141223E-16
1.530000E+2			2.837373E-6			4.124064E-8			9.243532E-2			1.739609E-2			4.919229E+1			1.094413E-2
1.531000E+2			2.873074E-6			4.021212E-8			1.123960E-1			1.211142E-2			4.921562E+1			1.703727E-2
1.532000E+2			2.919309E-6			3.870339E-8			1.123736E-1			1.451435E-2			4.917673E+1			7.141223E-16
1.533000E+2			3.023289E-6			3.067895E-8			1.248662E-1			1.319056E-2			4.925451E+1			2.345171E-2
1.534000E+2			3.069314E-6			3.416018E-8			1.199787E-1			1.310697E-2			4.923118E+1			1.994545E-2
1.535000E+2			3.097389E-6			4.281790E-8			1.271379E-1			1.425947E-2			4.922340E+1			1.856491E-2
1.536000E+2			3.107360E-6			4.100504E-8			1.356741E-1			1.264427E-2			4.923896E+1			2.120763E-2
1.537000E+2			3.207164E-6			3.051709E-8			1.143274E-1			1.019326E-2			4.930118E+1			2.865846E-2
1.538000E+2			3.238536E-6			4.207237E-8			1.404452E-1			1.041483E-2			4.939452E+1			3.509930E-2
1.539000E+2			3.325455E-6			3.243228E-8			1.395826E-1			1.127541E-2			4.945674E+1			3.752273E-2
1.540000E+2			3.369551E-6			3.249964E-8			1.562131E-1			1.289792E-2			4.954230E+1			3.901576E-2
1.541000E+2			3.464752E-6			3.723914E-8			1.648239E-1			1.431961E-2			4.953452E+1			3.896091E-2
1.542000E+2			3.508862E-6			4.360174E-8			1.765458E-1			1.005330E-2			4.962786E+1			3.858264E-2
1.543000E+2			3.594951E-6			4.506807E-8			1.778807E-1			1.156824E-2			4.964342E+1			3.829648E-2
1.544000E+2			3.618985E-6			3.251424E-8			1.713869E-1			8.138986E-3			4.977564E+1			3.289747E-2
1.545000E+2			3.719743E-6			4.186819E-8			1.835905E-1			1.272806E-2			4.974453E+1			3.470536E-2
1.546000E+2			3.776160E-6			3.339453E-8			2.027405E-1			1.208832E-2			4.975231E+1			3.428908E-2
1.547000E+2			3.840202E-6			3.728156E-8			2.235702E-1			1.356897E-2			4.977564E+1			3.289747E-2
1.548000E+2			3.887272E-6			4.731292E-8			1.794653E-1			1.248435E-2			4.986120E+1			2.540301E-2
1.549000E+2			3.975956E-6			4.451163E-8			2.461772E-1			1.307222E-2			4.982231E+1			2.936410E-2
1.550000E+2			4.125137E-6			5.842873E-8			2.359246E-1			1.348107E-2			4.986898E+1			2.445933E-2
1.551000E+2			4.301378E-6			7.260570E-8			2.394680E-1			1.818685E-2			4.986120E+1			2.540301E-2
1.552000E+2			4.230097E-6			6.160830E-8			2.466597E-1			1.891194E-2			4.992343E+1			1.531859E-2
1.553000E+2			4.340356E-6			7.373796E-8			2.796703E-1			1.911403E-2			4.991565E+1			1.703727E-2
1.554000E+2			4.491478E-6			8.225836E-8			2.555448E-1			1.208427E-2			4.995195E+1			9.391535E-3
1.555000E+2			4.642703E-6			8.612255E-8			2.826152E-1			1.428007E-2			4.992861E+1			1.627288E-2
1.556000E+2			4.699207E-6			7.458495E-8			2.856156E-1			1.601435E-2			4.994417E+1			1.217750E-2
1.557000E+2			4.940065E-6			7.046216E-8			2.845619E-1			1.572920E-2			4.994158E+1			1.536064E-2
1.558000E+2			4.944476E-6			6.971264E-8			2.996852E-1			1.676904E-2			4.995454E+1			7.141223E-16
1.559000E+2			5.193955E-6			9.439879E-8			3.031520E-1			1.716949E-2			4.994676E+1			7.778052E-3
1.560000E+2			5.381809E-6			7.034085E-8			3.218351E-1			1.610522E-2			4.996750E+1			1.296342E-2
1.561000E+2			5.335819E-6			8.782730E-8			3.787739E-1			1.311538E-2			4.997010E+1			8.890138E-3
1.562000E+2			5.549496E-6			5.010065E-8			3.649355E-1			7.856791E-3			4.997010E+1			8.890138E-3
1.563000E+2			5.614042E-6			5.642702E-8			3.889655E-1			1.097625E-2			4.995972E+1			5.185368E-3
1.564000E+2			5.973040E-6			6.266335E-8			3.920961E-1			1.078830E-2			4.997010E+1			8.890138E-3
1.565000E+2			6.093519E-6			6.088773E-8			4.035353E-1			9.938587E-3			4.996491E+1			7.296087E-3
1.566000E+2			6.336752E-6			5.258405E-8			4.262243E-1			8.838462E-3			4.996232E+1			1.191541E-2
1.567000E+2			6.421040E-6			6.940051E-8			4.444685E-1			1.342988E-2			4.996491E+1			7.296087E-3
1.568000E+2			6.750700E-6			7.523544E-8			4.492083E-1			1.059316E-2			4.997528E+1			1.021239E-2
1.569000E+2			6.954912E-6			7.199966E-8			5.049125E-1			1.004205E-2			4.998047E+1			1.135818E-2
1.570000E+2			7.179137E-6			7.892359E-8			5.059265E-1			7.147081E-3			4.999084E+1			1.329696E-2
1.571000E+2			7.535364E-6			9.501132E-8			5.459080E-1			1.095038E-2			5.001676E+1			1.693534E-2
1.572000E+2			7.679508E-6			7.482745E-8			5.747962E-1			1.221818E-2			4.999084E+1			1.329696E-2
1.573000E+2			7.963991E-6			8.137530E-8			5.998811E-1			1.027151E-2			4.998565E+1			1.237661E-2
1.574000E+2			8.280294E-6			7.715224E-8			6.468583E-1			9.345197E-3			4.998565E+1			1.237661E-2
1.575000E+2			8.554989E-6			8.788718E-8			6.599573E-1			6.195533E-3			5.000121E+1			1.491434E-2
1.576000E+2			9.005006E-6			1.059173E-7			7.207540E-1			1.124177E-2			4.999602E+1			1.413842E-2
1.577000E+2			9.214679E-6			6.129642E-8			7.371593E-1			9.481110E-3			4.999084E+1			1.329696E-2
1.578000E+2			9.633316E-6			9.690875E-8			8.014731E-1			9.764177E-3			5.001158E+1			1.630622E-2
1.579000E+2			1.005561E-5			1.016902E-7			8.286518E-1			8.470977E-3			5.001158E+1			1.630622E-2
1.580000E+2			1.047772E-5			1.014962E-7			8.626549E-1			1.156257E-2			5.001676E+1			1.693534E-2
1.581000E+2			1.074590E-5			1.193581E-7			9.366062E-1			1.151428E-2			5.004788E+1			2.002189E-2
1.582000E+2			1.095713E-5			1.135070E-7			9.994662E-1			1.138892E-2			5.007380E+1			2.193165E-2
1.583000E+2			1.130530E-5			1.718392E-7			1.068281E+0			8.922840E-3			5.007899E+1			2.225740E-2
1.584000E+2			1.153858E-5			1.179996E-7			1.115079E+0			1.159339E-2			5.004788E+1			2.002189E-2
1.585000E+2			1.195471E-5			1.344367E-7			1.175693E+0			8.785500E-3			5.003750E+1			1.910564E-2
1.586000E+2			1.231743E-5			1.348354E-7			1.260992E+0			9.640514E-3			5.007899E+1			2.225740E-2
1.587000E+2			1.220963E-5			8.561961E-8			1.326617E+0			1.246250E-2			5.007899E+1			2.225740E-2
1.588000E+2			1.247569E-5			1.219378E-7			1.374714E+0			8.071193E-3			5.008417E+1			2.256642E-2
1.589000E+2			1.250367E-5			9.008088E-8			1.467453E+0			9.597596E-3			5.009973E+1			2.339954E-2
1.590000E+2			1.252529E-5			8.447640E-8			1.552990E+0			9.379460E-3			5.013084E+1			2.468729E-2
1.591000E+2			1.242397E-5			1.302889E-7			1.590692E+0			1.019005E-2			5.007380E+1			2.193165E-2
1.592000E+2			1.220134E-5			1.037560E-7			1.659331E+0			1.228808E-2			5.016195E+1			2.553099E-2
1.593000E+2			1.208341E-5			1.480949E-7			1.749663E+0			9.577558E-3			5.011529E+1			2.410279E-2
1.594000E+2			1.179469E-5			1.031635E-7			1.820932E+0			1.079666E-2			5.008417E+1			2.256642E-2
1.595000E+2			1.157972E-5			1.038131E-7			1.886689E+0			7.342107E-3			5.013603E+1			2.485723E-2
1.596000E+2			1.103216E-5			8.163338E-8			1.945019E+0			7.419972E-3			5.013603E+1			2.485723E-2
1.597000E+2			1.073213E-5			9.280439E-8			1.990939E+0			8.939476E-3			5.016195E+1			2.553099E-2
1.598000E+2			1.054300E-5			6.373009E-8			2.058067E+0			1.032084E-2			5.014121E+1			2.501516E-2
1.599000E+2			9.931192E-6			8.978746E-8			2.083540E+0			1.064944E-2			5.015158E+1			2.529587E-2
1.600000E+2			9.738873E-6			8.766637E-8			2.156189E+0			9.201729E-3			5.017751E+1			2.580083E-2
1.601000E+2			9.409635E-6			1.235447E-7			2.190315E+0			9.988913E-3			5.019307E+1			2.597394E-2
1.602000E+2			9.155432E-6			7.078338E-8			2.259511E+0			9.123615E-3			5.016714E+1			2.563185E-2
1.603000E+2			8.801068E-6			8.443725E-8			2.258746E+0			1.144598E-2			5.017751E+1			2.580083E-2
1.604000E+2			8.327837E-6			8.755822E-8			2.290036E+0			9.780688E-3			5.020344E+1			2.603660E-2
1.605000E+2			8.141344E-6			8.597508E-8			2.330645E+0			8.697971E-3			5.021381E+1			2.605745E-2
1.606000E+2			7.782175E-6			9.456265E-8			2.370112E+0			1.108615E-2			5.021381E+1			2.605745E-2
1.607000E+2			7.570135E-6			5.869063E-8			2.409240E+0			1.019263E-2			5.028122E+1			2.516130E-2
1.608000E+2			7.240490E-6			8.591584E-8			2.406286E+0			9.712398E-3			5.023455E+1			2.597394E-2
1.609000E+2			7.071590E-6			8.656121E-8			2.432509E+0			1.045198E-2			5.025010E+1			2.580083E-2
1.610000E+2			6.875679E-6			4.773550E-8			2.491125E+0			8.993158E-3			5.019825E+1			2.601051E-2
1.611000E+2			6.580945E-6			7.162933E-8			2.501411E+0			8.528731E-3			5.020862E+1			2.605224E-2
1.612000E+2			6.371871E-6			4.890671E-8			2.530180E+0			7.179501E-3			5.025010E+1			2.580083E-2
1.613000E+2			6.213223E-6			5.333834E-8			2.536937E+0			7.924390E-3			5.023973E+1			2.592684E-2
1.614000E+2			5.982346E-6			5.100505E-8			2.567024E+0			8.243772E-3			5.027603E+1			2.529587E-2
1.615000E+2			5.696615E-6			5.775921E-8			2.569645E+0			1.004058E-2			5.028122E+1			2.516130E-2
1.616000E+2			5.582823E-6			5.014952E-8			2.591965E+0			1.108084E-2			5.025529E+1			2.572176E-2
1.617000E+2			5.411689E-6			5.866770E-8			2.582536E+0			1.045730E-2			5.027603E+1			2.529587E-2
1.618000E+2			5.350004E-6			5.819800E-8			2.601809E+0			1.058096E-2			5.021381E+1			2.605745E-2
1.619000E+2			5.165190E-6			2.904809E-8			2.649641E+0			8.701307E-3			5.025529E+1			2.572176E-2
1.620000E+2			4.946186E-6			3.674418E-8			2.634601E+0			1.054752E-2			5.022936E+1			2.601051E-2
1.621000E+2			4.846766E-6			4.548415E-8			2.645654E+0			9.164579E-3			5.025529E+1			2.572176E-2
1.622000E+2			4.753702E-6			4.070478E-8			2.663311E+0			1.032319E-2			5.025010E+1			2.580083E-2
1.623000E+2			4.620467E-6			4.853911E-8			2.666029E+0			1.027161E-2			5.028122E+1			2.516130E-2
1.624000E+2			4.458045E-6			5.582216E-8			2.684828E+0			9.516401E-3			5.025529E+1			2.572176E-2
1.625000E+2			4.378035E-6			4.574567E-8			2.703715E+0			1.087844E-2			5.019307E+1			2.597394E-2
1.626000E+2			4.320844E-6			3.897560E-8			2.706731E+0			8.223972E-3			5.027085E+1			2.541904E-2
1.627000E+2			4.218217E-6			3.575589E-8			2.706582E+0			1.062342E-2			5.024492E+1			2.586916E-2
1.628000E+2			4.094091E-6			3.772629E-8			2.738843E+0			1.150163E-2			5.025529E+1			2.572176E-2
1.629000E+2			4.003070E-6			3.056638E-8			2.720256E+0			1.023529E-2			5.027085E+1			2.541904E-2
1.630000E+2			3.934063E-6			2.914046E-8			2.736775E+0			1.135641E-2			5.026048E+1			2.563185E-2
1.631000E+2			3.872624E-6			4.198145E-8			2.744377E+0			1.124460E-2			5.026048E+1			2.563185E-2
1.632000E+2			3.798128E-6			3.328429E-8			2.754100E+0			9.627024E-3			5.025529E+1			2.572176E-2
1.633000E+2			3.743290E-6			3.127256E-8			2.766884E+0			8.099762E-3			5.022936E+1			2.601051E-2
1.634000E+2			3.586821E-6			3.528410E-8			2.744724E+0			9.448704E-3			5.030196E+1			2.450509E-2
1.635000E+2			3.525538E-6			4.519229E-8			2.747226E+0			1.162770E-2			5.030196E+1			2.450509E-2
1.636000E+2			3.474186E-6			3.257460E-8			2.775688E+0			8.844142E-3			5.030714E+1			2.431036E-2
1.637000E+2			3.400081E-6			3.110579E-8			2.761630E+0			8.999907E-3			5.031233E+1			2.410279E-2
1.638000E+2			3.306260E-6			3.924883E-8			2.767270E+0			9.744338E-3			5.028122E+1			2.516130E-2
1.639000E+2			3.265850E-6			3.065552E-8			2.802647E+0			9.340198E-3			5.030196E+1			2.450509E-2
1.640000E+2			3.112198E-6			3.519326E-8			2.799328E+0			1.274107E-2			5.027603E+1			2.529587E-2
1.641000E+2			3.152068E-6			3.709630E-8			2.808236E+0			1.097226E-2			5.031751E+1			2.388205E-2
1.642000E+2			3.103726E-6			3.299359E-8			2.806800E+0			7.317267E-3			5.030196E+1			2.450509E-2
1.643000E+2			3.095755E-6			3.824890E-8			2.801985E+0			1.294214E-2			5.031751E+1			2.388205E-2
1.644000E+2			2.972483E-6			3.252403E-8			2.838758E+0			1.011144E-2			5.027603E+1			2.529587E-2
1.645000E+2			2.935541E-6			3.096937E-8			2.834428E+0			1.379810E-2			5.030714E+1			2.431036E-2
1.646000E+2			2.827706E-6			2.225960E-8			2.823526E+0			1.288378E-2			5.032270E+1			2.364777E-2
1.647000E+2			2.849003E-6			2.787868E-8			2.818920E+0			9.567381E-3			5.029677E+1			2.468729E-2
1.648000E+2			2.795838E-6			2.952946E-8			2.814613E+0			1.103003E-2			5.031233E+1			2.410279E-2
1.649000E+2			2.769621E-6			1.747380E-8			2.828506E+0			1.387035E-2			5.033307E+1			2.313691E-2
1.650000E+2			2.695409E-6			2.187866E-8			2.837293E+0			8.326139E-3			5.028640E+1			2.501516E-2
1.651000E+2			2.704375E-6			2.781996E-8			2.842564E+0			7.491577E-3			5.032789E+1			2.339954E-2
1.652000E+2			2.608884E-6			2.766919E-8			2.844303E+0			7.676774E-3			5.026048E+1			2.563185E-2
1.653000E+2			2.612327E-6			2.009659E-8			2.855357E+0			1.042400E-2			5.032270E+1			2.364777E-2
1.654000E+2			2.564187E-6			2.855482E-8			2.857868E+0			9.613526E-3			5.034863E+1			2.225740E-2
1.655000E+2			2.542615E-6			1.958329E-8			2.842780E+0			1.115844E-2			5.032789E+1			2.339954E-2
1.656000E+2			2.453206E-6			2.316309E-8			2.882286E+0			8.335587E-3			5.031233E+1			2.410279E-2
1.657000E+2			2.457244E-6			2.683022E-8			2.876356E+0			8.983433E-3			5.030714E+1			2.431036E-2
1.658000E+2			2.437362E-6			2.437245E-8			2.881822E+0			1.380381E-2			5.031233E+1			2.410279E-2
1.659000E+2			2.387374E-6			3.472411E-8			2.863174E+0			1.441356E-2			5.029159E+1			2.485723E-2
1.660000E+2			2.349601E-6			2.878354E-8			2.883075E+0			9.187969E-3			5.030196E+1			2.450509E-2
1.661000E+2			2.325356E-6			2.040763E-8			2.863620E+0			1.205487E-2			5.030714E+1			2.431036E-2
1.662000E+2			2.352187E-6			2.277154E-8			2.897056E+0			1.212851E-2			5.031751E+1			2.388205E-2
1.663000E+2			2.282026E-6			2.033987E-8			2.880784E+0			9.850409E-3			5.032270E+1			2.364777E-2
1.664000E+2			2.219542E-6			3.110418E-8			2.883563E+0			1.231371E-2			5.032789E+1			2.339954E-2
1.665000E+2			2.207531E-6			3.256075E-8			2.874768E+0			1.395346E-2			5.037455E+1			2.044473E-2
1.666000E+2			2.199616E-6			1.998358E-8			2.879765E+0			1.207777E-2			5.033826E+1			2.285938E-2
1.667000E+2			2.183074E-6			2.250831E-8			2.902584E+0			1.328102E-2			5.032270E+1			2.364777E-2
1.668000E+2			2.167266E-6			3.026754E-8			2.883444E+0			1.123757E-2			5.037974E+1			2.002189E-2
1.669000E+2			2.156973E-6			2.229014E-8			2.909618E+0			1.124805E-2			5.035381E+1			2.193165E-2
1.670000E+2			2.075473E-6			2.288268E-8			2.907016E+0			1.341409E-2			5.035381E+1			2.193165E-2
1.671000E+2			2.042882E-6			2.422832E-8			2.903718E+0			1.264868E-2			5.030196E+1			2.450509E-2
1.672000E+2			2.012675E-6			2.947926E-8			2.912523E+0			1.315008E-2			5.031233E+1			2.410279E-2
1.673000E+2			2.017416E-6			1.961830E-8			2.918404E+0			1.374406E-2			5.029159E+1			2.485723E-2
1.674000E+2			1.988867E-6			2.394216E-8			2.911072E+0			1.351399E-2			5.033307E+1			2.313691E-2
1.675000E+2			1.989835E-6			1.693474E-8			2.915570E+0			1.502572E-2			5.032789E+1			2.339954E-2
1.676000E+2			1.906072E-6			1.391534E-8			2.902990E+0			1.408839E-2			5.031233E+1			2.410279E-2
1.677000E+2			1.900463E-6			2.023898E-8			2.904606E+0			1.873974E-2			5.032270E+1			2.364777E-2
1.678000E+2			1.904993E-6			2.714978E-8			2.925281E+0			1.344691E-2			5.031233E+1			2.410279E-2
1.679000E+2			1.885573E-6			2.270470E-8			2.912848E+0			1.217580E-2			5.028640E+1			2.501516E-2
1.680000E+2			1.873741E-6			3.167840E-8			2.943594E+0			1.356480E-2			5.029677E+1			2.468729E-2
1.681000E+2			1.832081E-6			2.927642E-8			2.947865E+0			1.540679E-2			5.030196E+1			2.450509E-2
1.682000E+2			1.850169E-6			3.190174E-8			2.939437E+0			1.477636E-2			5.033826E+1			2.285938E-2
1.683000E+2			1.774579E-6			3.347959E-8			2.934113E+0			1.462638E-2			5.028122E+1			2.516130E-2
1.684000E+2			1.709181E-6			3.750927E-8			2.979575E+0			1.208121E-2			5.030196E+1			2.450509E-2
1.685000E+2			1.765725E-6			3.655134E-8			2.943122E+0			1.519654E-2			5.030714E+1			2.431036E-2
1.686000E+2			1.730169E-6			2.764232E-8			2.916858E+0			1.676048E-2			5.031233E+1			2.410279E-2
1.687000E+2			1.707403E-6			3.596671E-8			2.949053E+0			2.051711E-2			5.032789E+1			2.339954E-2
1.688000E+2			1.695241E-6			3.047153E-8			2.932004E+0			1.886292E-2			5.030196E+1			2.450509E-2
1.689000E+2			1.702912E-6			1.966773E-8			2.980353E+0			1.691636E-2			5.033307E+1			2.313691E-2
1.690000E+2			1.655802E-6			3.278344E-8			2.956191E+0			1.976522E-2			5.032270E+1			2.364777E-2
1.691000E+2			1.669496E-6			2.502864E-8			2.963440E+0			2.048218E-2			5.032789E+1			2.339954E-2
1.692000E+2			1.670797E-6			3.123955E-8			2.953527E+0			1.458665E-2			5.032270E+1			2.364777E-2
1.693000E+2			1.601339E-6			3.273779E-8			2.643610E+0			2.945266E-1			5.034344E+1			2.256642E-2
1.694000E+2			1.785865E-6			2.051772E-8			2.921776E+0			1.240479E-2			5.028640E+1			2.501516E-2
1.695000E+2			1.643799E-6			3.231878E-8			2.947269E+0			1.975587E-2			5.030714E+1			2.431036E-2
1.696000E+2			1.593299E-6			3.645870E-8			2.942489E+0			2.495361E-2			5.029677E+1			2.468729E-2
1.697000E+2			1.538562E-6			4.123698E-8			2.956501E+0			2.386189E-2			5.031751E+1			2.388205E-2
1.698000E+2			1.499368E-6			3.256521E-8			2.694412E+0			2.979170E-1			5.033307E+1			2.313691E-2
1.699000E+2			1.533687E-6			3.731821E-8			2.973131E+0			2.317259E-2			5.031233E+1			2.410279E-2
1.700000E+2			1.651671E-6			3.089266E-8			2.986614E+0			2.105542E-2			5.033826E+1			2.285938E-2
1.701000E+2			1.547447E-6			4.489672E-8			2.679335E+0			2.936785E-1			5.030714E+1			2.431036E-2
