1.500000E+2			2.608047E-6			2.505784E-7			1.897675E-1			2.373156E-1			5.045233E+1			1.021239E-2
1.501000E+2			2.350175E-6			2.365007E-7			7.609544E-2			2.387172E-1			5.048085E+1			7.778052E-3
1.502000E+2			1.961693E-6			2.154280E-7			8.736753E-2			1.555563E-1			5.047308E+1			7.141223E-16
1.503000E+2			2.092226E-6			1.732645E-7			-1.119990E-1			1.199173E-1			5.054308E+1			2.237150E-2
1.504000E+2			1.991994E-6			2.053996E-7			8.872591E-3			1.191330E-1			5.065975E+1			3.338610E-2
1.505000E+2			2.245216E-6			1.692390E-7			1.608533E-1			8.559778E-2			5.100976E+1			3.615419E-2
1.506000E+2			2.099031E-6			1.803132E-7			4.674351E-2			8.304909E-2			5.118866E+1			2.120763E-2
1.507000E+2			2.204767E-6			1.291051E-7			1.633794E-2			7.015946E-2			5.121977E+1			1.531859E-2
1.508000E+2			2.423689E-6			7.964427E-8			1.324402E-1			6.139306E-2			5.126125E+1			7.296087E-3
1.509000E+2			2.347109E-6			1.131385E-7			3.534186E-2			5.376381E-2			5.126644E+1			8.890138E-3
1.510000E+2			2.136546E-6			9.659529E-8			7.418717E-2			3.978809E-2			5.128718E+1			1.329696E-2
1.511000E+2			2.263131E-6			7.444369E-8			1.030898E-1			4.499902E-2			5.145311E+1			2.541904E-2
1.512000E+2			2.288199E-6			9.026751E-8			2.543362E-2			5.055687E-2			5.158793E+1			2.485723E-2
1.513000E+2			2.299187E-6			8.433217E-8			1.143550E-1			3.865991E-2			5.163978E+1			2.256642E-2
1.514000E+2			2.165644E-6			8.585549E-8			3.254207E-2			3.655131E-2			5.170719E+1			1.693534E-2
1.515000E+2			2.290618E-6			7.227295E-8			7.791703E-2			2.638322E-2			5.174868E+1			1.021239E-2
1.516000E+2			2.438234E-6			7.377156E-8			9.444045E-2			3.715636E-2			5.175905E+1			7.296087E-3
1.517000E+2			2.364868E-6			7.139208E-8			1.490708E-1			3.054488E-2			5.176423E+1			5.185368E-3
1.518000E+2			2.374129E-6			6.114243E-8			1.000393E-1			2.416898E-2			5.178497E+1			1.094413E-2
1.519000E+2			2.527363E-6			3.990953E-8			6.130256E-2			2.461947E-2			5.176942E+1			0.000000E+0
1.520000E+2			2.456483E-6			7.007164E-8			6.561858E-2			1.888900E-2			5.176942E+1			0.000000E+0
1.521000E+2			2.551572E-6			6.225694E-8			9.371361E-2			2.385814E-2			5.177720E+1			7.778052E-3
1.522000E+2			2.559281E-6			3.632405E-8			5.124969E-2			1.758350E-2			5.177720E+1			7.778052E-3
1.523000E+2			2.690916E-6			4.309107E-8			8.110153E-2			1.568774E-2			5.178497E+1			1.094413E-2
1.524000E+2			2.595131E-6			4.450002E-8			7.469799E-2			1.964099E-2			5.179275E+1			1.333521E-2
1.525000E+2			2.664469E-6			5.113164E-8			7.990888E-2			1.295756E-2			5.183164E+1			2.120763E-2
1.526000E+2			2.764338E-6			5.676903E-8			1.117649E-1			1.483255E-2			5.191720E+1			3.066709E-2
1.527000E+2			2.758533E-6			4.464453E-8			1.325089E-1			1.958833E-2			5.194053E+1			3.238261E-2
1.528000E+2			2.775868E-6			3.919487E-8			1.303401E-1			1.615649E-2			5.202609E+1			3.675764E-2
1.529000E+2			2.784770E-6			3.558912E-8			9.223101E-2			1.527902E-2			5.205721E+1			3.774195E-2
1.530000E+2			2.884484E-6			3.492585E-8			9.634543E-2			1.246868E-2			5.220499E+1			3.880374E-2
1.531000E+2			2.933674E-6			4.074865E-8			1.280460E-1			1.373790E-2			5.231388E+1			3.582308E-2
1.532000E+2			2.985106E-6			3.367973E-8			1.179841E-1			1.236545E-2			5.234499E+1			3.428908E-2
1.533000E+2			3.021900E-6			3.307468E-8			1.212066E-1			1.419001E-2			5.232166E+1			3.547165E-2
1.534000E+2			3.016639E-6			3.278374E-8			1.140063E-1			1.089737E-2			5.237611E+1			3.238261E-2
1.535000E+2			3.136005E-6			3.285222E-8			1.463935E-1			1.324896E-2			5.243833E+1			2.712480E-2
1.536000E+2			3.180452E-6			3.424448E-8			1.275048E-1			1.105560E-2			5.246166E+1			2.445933E-2
1.537000E+2			3.319759E-6			3.695737E-8			1.438770E-1			1.019564E-2			5.252389E+1			1.333521E-2
1.538000E+2			3.313587E-6			3.994418E-8			1.657590E-1			1.269245E-2			5.252130E+1			1.627288E-2
1.539000E+2			3.316284E-6			3.523550E-8			1.596994E-1			1.118345E-2			5.253944E+1			7.778052E-3
1.540000E+2			3.371712E-6			3.228393E-8			1.514773E-1			1.168218E-2			5.253685E+1			1.217750E-2
1.541000E+2			3.572124E-6			3.440474E-8			1.786137E-1			1.417752E-2			5.255759E+1			7.296087E-3
1.542000E+2			3.514332E-6			3.645109E-8			1.680338E-1			1.074181E-2			5.254722E+1			1.428245E-15
1.543000E+2			3.599712E-6			3.588587E-8			1.777009E-1			8.398550E-3			5.256796E+1			1.021239E-2
1.544000E+2			3.722526E-6			3.265976E-8			1.848154E-1			8.822083E-3			5.258871E+1			1.413842E-2
1.545000E+2			3.724320E-6			3.610502E-8			1.983114E-1			1.139244E-2			5.256278E+1			8.890138E-3
1.546000E+2			3.849529E-6			4.716675E-8			1.923212E-1			9.768629E-3			5.256796E+1			1.021239E-2
1.547000E+2			3.942170E-6			3.428345E-8			2.156969E-1			1.034510E-2			5.256278E+1			8.890138E-3
1.548000E+2			4.044626E-6			4.221414E-8			2.050748E-1			1.035485E-2			5.256278E+1			8.890138E-3
1.549000E+2			4.072571E-6			3.927472E-8			2.188107E-1			1.158974E-2			5.260945E+1			1.693534E-2
1.550000E+2			4.124478E-6			4.860165E-8			2.233072E-1			1.458318E-2			5.260426E+1			1.630622E-2
1.551000E+2			4.222098E-6			4.961896E-8			2.374928E-1			8.725401E-3			5.266130E+1			2.158841E-2
1.552000E+2			4.395065E-6			3.434273E-8			2.219290E-1			1.107604E-2			5.268204E+1			2.285938E-2
1.553000E+2			4.479304E-6			5.945212E-8			2.541870E-1			1.427472E-2			5.273390E+1			2.501516E-2
1.554000E+2			4.564110E-6			5.557479E-8			2.836927E-1			1.431538E-2			5.275982E+1			2.563185E-2
1.555000E+2			4.685535E-6			6.918917E-8			2.918068E-1			1.658438E-2			5.282205E+1			2.601051E-2
1.556000E+2			4.888014E-6			7.310602E-8			2.905034E-1			1.398933E-2			5.280649E+1			2.605745E-2
1.557000E+2			5.064705E-6			7.648040E-8			2.873425E-1			1.691746E-2			5.280649E+1			2.605745E-2
1.558000E+2			5.090784E-6			8.302141E-8			3.061395E-1			2.058548E-2			5.283242E+1			2.592684E-2
1.559000E+2			5.244209E-6			7.218205E-8			3.170125E-1			1.683231E-2			5.285316E+1			2.563185E-2
1.560000E+2			5.546347E-6			8.046339E-8			3.573772E-1			1.177021E-2			5.291020E+1			2.388205E-2
1.561000E+2			5.574639E-6			6.380393E-8			3.678525E-1			1.279365E-2			5.290501E+1			2.410279E-2
1.562000E+2			5.743457E-6			6.583727E-8			3.582698E-1			8.159180E-3			5.291538E+1			2.364777E-2
1.563000E+2			5.980457E-6			6.126396E-8			3.837761E-1			1.049113E-2			5.294650E+1			2.193165E-2
1.564000E+2			6.125483E-6			5.891828E-8			3.854915E-1			6.975729E-3			5.298279E+1			1.910564E-2
1.565000E+2			6.228490E-6			6.126067E-8			4.147577E-1			9.395716E-3			5.299835E+1			1.752642E-2
1.566000E+2			6.498659E-6			5.753485E-8			4.610303E-1			1.167850E-2			5.297242E+1			2.002189E-2
1.567000E+2			6.834714E-6			5.174736E-8			4.630239E-1			7.216868E-3			5.297761E+1			1.957607E-2
1.568000E+2			7.003155E-6			6.126067E-8			5.064248E-1			7.372597E-3			5.298279E+1			1.910564E-2
1.569000E+2			7.182159E-6			6.781458E-8			5.364337E-1			7.514337E-3			5.300872E+1			1.630622E-2
1.570000E+2			7.533249E-6			7.929721E-8			5.519590E-1			8.251414E-3			5.298798E+1			1.860874E-2
1.571000E+2			7.732563E-6			6.930061E-8			5.583652E-1			8.693334E-3			5.299316E+1			1.808320E-2
1.572000E+2			7.892869E-6			5.663437E-8			6.043680E-1			9.954746E-3			5.302946E+1			1.329696E-2
1.573000E+2			8.298979E-6			8.414098E-8			6.430025E-1			1.134864E-2			5.303465E+1			1.237661E-2
1.574000E+2			8.681362E-6			7.019450E-8			6.910812E-1			1.066073E-2			5.303465E+1			1.237661E-2
1.575000E+2			9.026979E-6			9.100743E-8			7.117765E-1			1.133970E-2			5.303465E+1			1.237661E-2
1.576000E+2			9.367941E-6			8.472811E-8			7.316403E-1			9.069586E-3			5.302428E+1			1.413842E-2
1.577000E+2			9.818354E-6			9.224907E-8			7.862181E-1			9.319655E-3			5.303465E+1			1.237661E-2
1.578000E+2			1.011926E-5			8.825286E-8			8.422337E-1			9.374746E-3			5.304502E+1			1.021239E-2
1.579000E+2			1.036030E-5			8.322653E-8			8.839523E-1			7.889938E-3			5.306057E+1			5.185368E-3
1.580000E+2			1.061299E-5			1.193294E-7			9.328409E-1			8.521415E-3			5.305020E+1			8.890138E-3
1.581000E+2			1.095954E-5			9.753751E-8			9.931840E-1			7.855473E-3			5.304502E+1			1.021239E-2
1.582000E+2			1.126950E-5			9.481858E-8			1.053493E+0			1.136662E-2			5.305020E+1			8.890138E-3
1.583000E+2			1.164485E-5			1.030484E-7			1.109610E+0			6.493080E-3			5.305539E+1			7.296087E-3
1.584000E+2			1.197330E-5			7.948376E-8			1.176977E+0			6.494525E-3			5.301909E+1			1.491434E-2
1.585000E+2			1.239376E-5			1.172052E-7			1.242332E+0			7.461164E-3			5.305539E+1			7.296087E-3
1.586000E+2			1.240327E-5			9.412905E-8			1.324452E+0			6.852639E-3			5.305539E+1			7.296087E-3
1.587000E+2			1.222281E-5			1.087448E-7			1.387632E+0			7.902783E-3			5.306057E+1			5.185368E-3
1.588000E+2			1.241089E-5			1.119120E-7			1.457808E+0			1.025057E-2			5.306057E+1			5.185368E-3
1.589000E+2			1.248660E-5			8.183001E-8			1.549541E+0			9.423551E-3			5.306057E+1			5.185368E-3
1.590000E+2			1.231153E-5			8.755496E-8			1.627189E+0			8.273656E-3			5.306057E+1			5.185368E-3
1.591000E+2			1.227791E-5			7.877554E-8			1.703898E+0			8.741029E-3			5.305539E+1			7.296087E-3
1.592000E+2			1.189378E-5			1.090299E-7			1.733610E+0			7.234133E-3			5.306057E+1			5.185368E-3
1.593000E+2			1.191080E-5			1.055147E-7			1.829229E+0			7.424507E-3			5.306057E+1			5.185368E-3
1.594000E+2			1.145347E-5			8.312699E-8			1.883513E+0			9.829057E-3			5.306576E+1			0.000000E+0
1.595000E+2			1.104156E-5			1.029995E-7			1.929320E+0			8.461768E-3			5.306057E+1			5.185368E-3
1.596000E+2			1.056535E-5			1.147912E-7			1.987121E+0			8.093969E-3			5.306057E+1			5.185368E-3
1.597000E+2			1.027082E-5			1.010255E-7			2.066062E+0			9.271594E-3			5.306576E+1			0.000000E+0
1.598000E+2			9.975365E-6			1.214147E-7			2.116782E+0			1.039993E-2			5.306576E+1			0.000000E+0
1.599000E+2			9.689078E-6			8.339194E-8			2.152323E+0			1.074777E-2			5.306057E+1			5.185368E-3
1.600000E+2			9.332262E-6			9.710741E-8			2.195055E+0			6.957958E-3			5.305539E+1			7.296087E-3
1.601000E+2			8.990393E-6			7.955114E-8			2.236176E+0			9.316726E-3			5.306576E+1			0.000000E+0
1.602000E+2			8.654104E-6			6.528120E-8			2.288073E+0			9.821951E-3			5.306576E+1			0.000000E+0
1.603000E+2			8.251136E-6			5.862813E-8			2.300846E+0			1.017899E-2			5.305539E+1			7.296087E-3
1.604000E+2			8.090261E-6			7.348352E-8			2.341048E+0			9.697717E-3			5.306576E+1			0.000000E+0
1.605000E+2			7.783834E-6			7.718860E-8			2.368813E+0			9.360235E-3			5.306576E+1			0.000000E+0
1.606000E+2			7.389836E-6			8.125669E-8			2.410307E+0			8.845608E-3			5.306576E+1			0.000000E+0
1.607000E+2			7.250468E-6			6.340643E-8			2.389640E+0			1.083038E-2			5.306576E+1			0.000000E+0
1.608000E+2			6.942410E-6			6.663329E-8			2.448094E+0			6.279823E-3			5.306057E+1			5.185368E-3
1.609000E+2			6.684770E-6			5.660369E-8			2.467090E+0			8.646067E-3			5.306576E+1			0.000000E+0
1.610000E+2			6.486831E-6			4.701723E-8			2.490797E+0			8.716882E-3			5.306057E+1			5.185368E-3
1.611000E+2			6.435491E-6			4.810578E-8			2.520147E+0			1.003393E-2			5.306576E+1			0.000000E+0
1.612000E+2			6.057493E-6			4.023090E-8			2.524376E+0			1.067367E-2			5.306576E+1			0.000000E+0
1.613000E+2			5.868999E-6			7.395169E-8			2.542884E+0			9.653010E-3			5.306576E+1			0.000000E+0
1.614000E+2			5.751245E-6			6.172057E-8			2.589310E+0			1.089796E-2			5.306576E+1			0.000000E+0
1.615000E+2			5.590207E-6			6.250228E-8			2.595251E+0			1.103498E-2			5.306576E+1			0.000000E+0
1.616000E+2			5.455231E-6			5.413402E-8			2.599017E+0			1.042543E-2			5.306057E+1			5.185368E-3
1.617000E+2			5.186554E-6			7.434974E-8			2.605410E+0			7.296784E-3			5.306057E+1			5.185368E-3
1.618000E+2			5.196168E-6			4.921342E-8			2.629972E+0			1.242169E-2			5.306576E+1			0.000000E+0
1.619000E+2			4.924765E-6			5.591690E-8			2.647029E+0			1.040666E-2			5.306057E+1			5.185368E-3
1.620000E+2			4.887255E-6			5.109026E-8			2.656797E+0			9.682059E-3			5.306576E+1			0.000000E+0
1.621000E+2			4.684450E-6			4.631038E-8			2.650305E+0			1.101752E-2			5.306576E+1			0.000000E+0
1.622000E+2			4.658542E-6			5.089109E-8			2.673145E+0			1.000556E-2			5.306057E+1			5.185368E-3
1.623000E+2			4.516130E-6			3.928499E-8			2.686966E+0			1.129145E-2			5.306576E+1			0.000000E+0
1.624000E+2			4.448676E-6			5.096549E-8			2.688712E+0			8.536547E-3			5.306576E+1			0.000000E+0
1.625000E+2			4.303829E-6			4.823647E-8			2.692644E+0			1.260117E-2			5.306057E+1			5.185368E-3
1.626000E+2			4.267251E-6			6.312416E-8			2.706578E+0			1.115644E-2			5.306576E+1			0.000000E+0
1.627000E+2			4.191208E-6			5.572335E-8			2.698707E+0			1.199581E-2			5.306576E+1			0.000000E+0
1.628000E+2			3.972691E-6			4.021176E-8			2.713181E+0			9.899600E-3			5.306576E+1			0.000000E+0
1.629000E+2			3.896671E-6			4.115936E-8			2.727364E+0			1.118830E-2			5.306576E+1			0.000000E+0
1.630000E+2			3.850265E-6			3.573160E-8			2.718179E+0			8.100474E-3			5.306576E+1			0.000000E+0
1.631000E+2			3.835730E-6			4.157124E-8			2.764554E+0			1.201462E-2			5.306576E+1			0.000000E+0
1.632000E+2			3.654576E-6			3.733642E-8			2.770093E+0			1.538563E-2			5.306576E+1			0.000000E+0
1.633000E+2			3.558553E-6			3.593623E-8			2.757065E+0			1.094599E-2			5.306057E+1			5.185368E-3
1.634000E+2			3.534086E-6			4.085642E-8			2.768139E+0			1.004312E-2			5.306576E+1			0.000000E+0
1.635000E+2			3.488656E-6			4.165419E-8			2.763830E+0			1.181143E-2			5.306576E+1			0.000000E+0
1.636000E+2			3.385405E-6			3.420291E-8			2.805964E+0			1.047192E-2			5.306576E+1			0.000000E+0
1.637000E+2			3.305472E-6			3.277446E-8			2.790850E+0			1.327818E-2			5.306576E+1			0.000000E+0
1.638000E+2			3.311386E-6			3.339576E-8			2.777439E+0			9.147674E-3			5.306576E+1			0.000000E+0
1.639000E+2			3.228530E-6			3.646414E-8			2.791588E+0			1.046366E-2			5.306576E+1			0.000000E+0
1.640000E+2			3.145018E-6			3.641741E-8			2.789807E+0			9.109345E-3			5.306576E+1			0.000000E+0
1.641000E+2			3.047363E-6			3.235810E-8			2.803834E+0			1.051149E-2			5.306057E+1			5.185368E-3
1.642000E+2			3.019187E-6			3.191399E-8			2.815765E+0			1.028454E-2			5.306057E+1			5.185368E-3
1.643000E+2			2.911842E-6			2.339274E-8			2.818584E+0			9.021953E-3			5.306576E+1			0.000000E+0
1.644000E+2			2.980557E-6			1.939904E-8			2.834936E+0			1.538910E-2			5.306576E+1			0.000000E+0
1.645000E+2			2.912978E-6			2.572634E-8			2.822774E+0			9.436745E-3			5.306576E+1			0.000000E+0
1.646000E+2			2.857280E-6			2.463500E-8			2.801477E+0			1.405502E-2			5.306057E+1			5.185368E-3
1.647000E+2			2.822134E-6			2.449506E-8			2.813045E+0			1.027785E-2			5.305539E+1			7.296087E-3
1.648000E+2			2.748766E-6			2.216313E-8			2.825498E+0			1.041548E-2			5.306057E+1			5.185368E-3
1.649000E+2			2.678509E-6			3.137829E-8			2.825239E+0			7.032365E-3			5.306057E+1			5.185368E-3
1.650000E+2			2.693778E-6			3.128757E-8			2.834634E+0			8.669270E-3			5.305539E+1			7.296087E-3
1.651000E+2			2.635912E-6			3.684262E-8			2.852175E+0			8.404312E-3			5.306576E+1			0.000000E+0
1.652000E+2			2.606452E-6			2.211007E-8			2.856961E+0			1.129421E-2			5.306576E+1			0.000000E+0
1.653000E+2			2.522998E-6			2.544822E-8			2.874334E+0			1.036534E-2			5.305020E+1			8.890138E-3
1.654000E+2			2.504621E-6			2.327776E-8			2.859441E+0			1.291517E-2			5.306057E+1			5.185368E-3
1.655000E+2			2.467019E-6			3.248086E-8			2.882715E+0			1.012206E-2			5.305020E+1			8.890138E-3
1.656000E+2			2.409054E-6			2.310073E-8			2.863954E+0			1.039178E-2			5.306057E+1			5.185368E-3
1.657000E+2			2.391288E-6			2.767207E-8			2.866392E+0			1.200276E-2			5.305539E+1			7.296087E-3
1.658000E+2			2.380197E-6			2.355783E-8			2.876919E+0			8.821228E-3			5.306057E+1			5.185368E-3
1.659000E+2			2.286399E-6			2.894818E-8			2.884407E+0			1.332658E-2			5.306057E+1			5.185368E-3
1.660000E+2			2.318089E-6			3.269394E-8			2.873195E+0			1.359041E-2			5.306057E+1			5.185368E-3
1.661000E+2			2.310760E-6			2.907032E-8			2.889765E+0			1.163002E-2			5.306576E+1			0.000000E+0
1.662000E+2			2.239397E-6			2.079838E-8			2.902246E+0			1.468204E-2			5.305020E+1			8.890138E-3
1.663000E+2			2.183184E-6			2.220528E-8			2.874552E+0			1.111119E-2			5.305539E+1			7.296087E-3
1.664000E+2			2.217414E-6			2.262401E-8			2.866303E+0			7.288590E-3			5.306576E+1			0.000000E+0
1.665000E+2			2.194535E-6			2.521063E-8			2.877296E+0			1.194266E-2			5.306057E+1			5.185368E-3
1.666000E+2			2.100202E-6			2.648619E-8			2.890830E+0			1.354223E-2			5.306057E+1			5.185368E-3
1.667000E+2			2.096420E-6			2.695602E-8			2.898106E+0			1.572744E-2			5.306576E+1			0.000000E+0
1.668000E+2			2.100943E-6			2.493819E-8			2.879525E+0			9.075481E-3			5.306057E+1			5.185368E-3
1.669000E+2			2.062419E-6			2.718698E-8			2.911576E+0			1.624120E-2			5.306057E+1			5.185368E-3
1.670000E+2			2.045458E-6			2.542784E-8			2.919862E+0			1.380121E-2			5.305539E+1			7.296087E-3
1.671000E+2			2.003818E-6			1.690364E-8			2.908797E+0			9.538587E-3			5.306576E+1			0.000000E+0
1.672000E+2			1.984384E-6			2.713885E-8			2.909335E+0			1.726106E-2			5.306057E+1			5.185368E-3
1.673000E+2			1.976488E-6			2.385335E-8			2.895263E+0			1.252753E-2			5.306057E+1			5.185368E-3
1.674000E+2			1.950583E-6			2.327091E-8			2.915643E+0			1.480096E-2			5.306057E+1			5.185368E-3
1.675000E+2			1.900992E-6			2.246140E-8			2.957513E+0			1.304028E-2			5.306576E+1			0.000000E+0
1.676000E+2			1.880438E-6			2.233991E-8			2.912606E+0			1.526937E-2			5.305539E+1			7.296087E-3
1.677000E+2			1.917330E-6			2.759838E-8			2.897924E+0			1.679195E-2			5.306057E+1			5.185368E-3
1.678000E+2			1.850370E-6			2.458963E-8			2.919921E+0			1.282398E-2			5.306576E+1			0.000000E+0
1.679000E+2			1.863727E-6			2.784429E-8			2.878470E+0			1.698333E-2			5.305539E+1			7.296087E-3
1.680000E+2			1.859154E-6			3.144734E-8			2.940393E+0			1.828083E-2			5.305539E+1			7.296087E-3
1.681000E+2			1.808829E-6			2.910171E-8			2.917155E+0			1.210727E-2			5.306576E+1			0.000000E+0
1.682000E+2			1.779574E-6			3.117995E-8			2.926989E+0			1.529923E-2			5.305539E+1			7.296087E-3
1.683000E+2			1.748472E-6			2.141207E-8			2.948700E+0			1.264266E-2			5.305020E+1			8.890138E-3
1.684000E+2			1.739634E-6			2.659784E-8			2.953545E+0			1.541710E-2			5.305020E+1			8.890138E-3
1.685000E+2			1.776191E-6			3.264068E-8			2.955436E+0			1.562988E-2			5.306057E+1			5.185368E-3
1.686000E+2			1.664058E-6			3.339290E-8			2.953360E+0			1.706358E-2			5.306057E+1			5.185368E-3
1.687000E+2			1.672459E-6			3.980956E-8			2.931559E+0			1.809440E-2			5.304502E+1			1.021239E-2
1.688000E+2			1.707902E-6			2.753710E-8			2.946647E+0			1.311871E-2			5.303983E+1			1.135818E-2
1.689000E+2			1.664437E-6			4.025978E-8			2.935099E+0			1.417157E-2			5.305020E+1			8.890138E-3
1.690000E+2			1.643917E-6			3.091704E-8			2.939047E+0			1.754691E-2			5.305020E+1			8.890138E-3
1.691000E+2			1.650694E-6			3.776186E-8			2.623688E+0			2.923794E-1			5.305539E+1			7.296087E-3
1.692000E+2			1.653074E-6			3.012265E-8			2.949535E+0			2.289612E-2			5.304502E+1			1.021239E-2
1.693000E+2			1.552756E-6			3.110876E-8			2.939508E+0			2.323819E-2			5.306057E+1			5.185368E-3
1.694000E+2			1.597310E-6			3.135362E-8			2.967969E+0			2.272723E-2			5.305539E+1			7.296087E-3
1.695000E+2			1.586149E-6			3.604405E-8			2.659503E+0			2.969765E-1			5.305539E+1			7.296087E-3
1.696000E+2			1.566132E-6			3.557084E-8			2.965476E+0			2.590923E-2			5.306057E+1			5.185368E-3
1.697000E+2			1.559426E-6			4.525501E-8			2.662875E+0			2.974631E-1			5.306057E+1			5.185368E-3
1.698000E+2			1.576434E-6			4.176873E-8			2.665343E+0			2.984286E-1			5.305020E+1			8.890138E-3
1.699000E+2			1.534425E-6			4.009217E-8			2.928098E+0			2.602261E-2			5.305539E+1			7.296087E-3
1.700000E+2			1.491655E-6			4.220772E-8			2.485281E+0			4.153153E-1			5.305539E+1			7.296087E-3
1.701000E+2			1.487871E-6			4.283012E-8			2.361362E+0			4.058231E-1			5.306576E+1			0.000000E+0
