1.500000E+2			2.973569E-6			3.371848E-7			-1.054679E-2			3.332716E-1			5.306576E+1			0.000000E+0
1.501000E+2			3.018208E-6			2.976054E-7			-1.128756E-1			2.605607E-1			5.308909E+1			1.333521E-2
1.502000E+2			2.196491E-6			1.900227E-7			-1.704607E-1			1.807858E-1			5.319799E+1			2.936410E-2
1.503000E+2			2.494666E-6			1.607178E-7			1.385918E-2			1.287047E-1			5.353244E+1			3.829648E-2
1.504000E+2			2.133902E-6			1.951160E-7			8.244779E-2			1.026074E-1			5.375023E+1			2.540301E-2
1.505000E+2			2.044776E-6			1.997948E-7			-1.036106E-2			9.343052E-2			5.379690E+1			1.856491E-2
1.506000E+2			2.134992E-6			1.781111E-7			1.548378E-2			6.502412E-2			5.381245E+1			1.531859E-2
1.507000E+2			2.213537E-6			1.370021E-7			2.988299E-2			8.417416E-2			5.384875E+1			5.185368E-3
1.508000E+2			2.056112E-6			1.280759E-7			-6.221083E-2			5.833017E-2			5.386431E+1			1.021239E-2
1.509000E+2			2.190215E-6			1.114376E-7			5.282803E-2			5.889511E-2			5.390060E+1			1.630622E-2
1.510000E+2			2.269200E-6			1.256376E-7			1.033533E-1			6.593894E-2			5.399913E+1			2.388205E-2
1.511000E+2			2.379892E-6			1.114978E-7			7.397127E-2			5.472570E-2			5.417024E+1			2.516130E-2
1.512000E+2			2.286595E-6			1.071002E-7			6.336790E-2			5.109907E-2			5.425321E+1			2.122683E-2
1.513000E+2			2.308297E-6			8.783461E-8			1.263013E-1			3.351841E-2			5.432062E+1			1.413842E-2
1.514000E+2			2.298146E-6			8.600697E-8			5.127199E-2			3.200311E-2			5.435692E+1			5.185368E-3
1.515000E+2			2.351214E-6			7.121894E-8			5.095489E-2			3.320908E-2			5.436210E+1			2.142367E-15
1.516000E+2			2.394884E-6			5.196512E-8			5.249062E-2			3.583317E-2			5.436210E+1			2.142367E-15
1.517000E+2			2.470009E-6			5.720014E-8			1.151268E-1			2.427593E-2			5.436210E+1			2.142367E-15
1.518000E+2			2.405181E-6			6.118377E-8			5.616969E-2			2.988448E-2			5.436210E+1			2.142367E-15
1.519000E+2			2.425938E-6			5.892603E-8			8.491248E-2			2.284596E-2			5.436210E+1			2.142367E-15
1.520000E+2			2.515133E-6			5.335207E-8			7.899664E-2			2.989804E-2			5.436210E+1			2.142367E-15
1.521000E+2			2.526213E-6			4.012259E-8			6.571542E-2			2.674916E-2			5.440099E+1			1.703727E-2
1.522000E+2			2.551938E-6			5.201791E-8			7.391964E-2			2.530811E-2			5.438544E+1			1.333521E-2
1.523000E+2			2.618467E-6			5.299007E-8			1.089843E-1			1.153935E-2			5.439321E+1			1.531859E-2
1.524000E+2			2.642573E-6			5.134049E-8			1.177341E-1			2.073691E-2			5.447099E+1			2.712480E-2
1.525000E+2			2.747608E-6			5.878200E-8			1.006440E-1			1.407956E-2			5.460063E+1			3.697589E-2
1.526000E+2			2.705785E-6			4.984664E-8			8.659412E-2			1.288519E-2			5.461878E+1			3.675764E-2
1.527000E+2			2.763492E-6			4.341421E-8			1.140821E-1			1.428610E-2			5.472767E+1			3.901576E-2
1.528000E+2			2.837277E-6			4.414280E-8			7.938658E-2			1.570353E-2			5.496879E+1			3.238261E-2
1.529000E+2			2.919498E-6			4.328393E-8			9.251198E-2			1.504396E-2			5.499212E+1			3.066709E-2
1.530000E+2			2.906483E-6			4.186447E-8			1.116672E-1			1.473498E-2			5.503879E+1			2.628963E-2
1.531000E+2			2.972410E-6			4.386683E-8			1.229080E-1			1.734293E-2			5.509324E+1			1.856491E-2
1.532000E+2			3.056321E-6			5.655707E-8			1.241092E-1			1.480168E-2			5.509324E+1			1.856491E-2
1.533000E+2			3.114234E-6			4.994599E-8			1.007916E-1			1.511320E-2			5.509842E+1			1.940187E-2
1.534000E+2			3.155582E-6			3.703238E-8			1.305822E-1			1.259702E-2			5.513991E+1			7.141223E-16
1.535000E+2			3.128457E-6			3.481602E-8			1.405739E-1			9.623655E-3			5.515546E+1			8.890138E-3
1.536000E+2			3.272259E-6			2.956413E-8			1.401128E-1			1.270282E-2			5.516583E+1			1.135818E-2
1.537000E+2			3.252673E-6			3.664110E-8			1.378394E-1			1.094761E-2			5.515546E+1			8.890138E-3
1.538000E+2			3.403285E-6			2.886325E-8			1.395910E-1			1.146880E-2			5.519176E+1			1.563447E-2
1.539000E+2			3.387890E-6			4.644236E-8			1.815255E-1			1.046882E-2			5.522287E+1			1.910564E-2
1.540000E+2			3.465009E-6			3.374785E-8			1.759307E-1			1.268473E-2			5.522806E+1			1.957607E-2
1.541000E+2			3.623005E-6			3.434034E-8			1.583445E-1			1.006767E-2			5.526436E+1			2.225740E-2
1.542000E+2			3.662673E-6			3.154037E-8			1.811598E-1			9.965127E-3			5.539399E+1			2.605224E-2
1.543000E+2			3.770329E-6			3.187621E-8			1.854619E-1			1.007974E-2			5.539399E+1			2.605224E-2
1.544000E+2			3.758528E-6			3.839092E-8			1.668067E-1			1.076996E-2			5.544066E+1			2.572176E-2
1.545000E+2			3.869880E-6			3.373884E-8			2.035611E-1			9.845044E-3			5.555474E+1			2.084596E-2
1.546000E+2			3.873043E-6			4.144837E-8			2.204023E-1			9.512053E-3			5.554437E+1			2.158841E-2
1.547000E+2			4.015154E-6			4.396417E-8			2.498141E-1			9.964017E-3			5.560140E+1			1.630622E-2
1.548000E+2			4.202485E-6			4.519877E-8			2.098137E-1			8.943844E-3			5.562733E+1			1.237661E-2
1.549000E+2			4.204493E-6			4.692095E-8			2.325748E-1			9.315783E-3			5.564807E+1			7.296087E-3
1.550000E+2			4.251166E-6			3.332979E-8			2.505904E-1			1.126466E-2			5.564807E+1			7.296087E-3
1.551000E+2			4.384455E-6			4.890844E-8			2.618368E-1			9.529989E-3			5.565844E+1			0.000000E+0
1.552000E+2			4.550868E-6			4.557061E-8			2.646883E-1			1.028479E-2			5.565844E+1			0.000000E+0
1.553000E+2			4.613702E-6			5.382331E-8			2.658429E-1			1.407973E-2			5.565844E+1			0.000000E+0
1.554000E+2			4.758889E-6			6.212562E-8			2.865006E-1			1.117284E-2			5.565844E+1			0.000000E+0
1.555000E+2			4.891257E-6			6.811198E-8			2.750766E-1			1.473092E-2			5.565844E+1			0.000000E+0
1.556000E+2			4.945255E-6			8.181404E-8			2.879570E-1			1.841423E-2			5.565844E+1			0.000000E+0
1.557000E+2			5.041044E-6			8.999935E-8			3.251886E-1			1.872226E-2			5.565844E+1			0.000000E+0
1.558000E+2			5.302533E-6			9.619725E-8			3.544952E-1			1.732336E-2			5.565844E+1			0.000000E+0
1.559000E+2			5.391295E-6			1.130596E-7			3.261772E-1			1.839837E-2			5.565844E+1			0.000000E+0
1.560000E+2			5.643612E-6			8.452468E-8			3.573784E-1			1.926999E-2			5.565844E+1			0.000000E+0
1.561000E+2			5.801738E-6			9.763895E-8			3.913031E-1			1.245476E-2			5.565844E+1			0.000000E+0
1.562000E+2			6.046904E-6			7.810583E-8			3.890324E-1			1.137259E-2			5.565844E+1			0.000000E+0
1.563000E+2			6.131594E-6			7.302812E-8			4.079208E-1			1.135126E-2			5.565844E+1			0.000000E+0
1.564000E+2			6.263607E-6			5.324318E-8			4.228697E-1			9.382750E-3			5.565844E+1			0.000000E+0
1.565000E+2			6.618248E-6			7.411373E-8			4.574590E-1			1.027172E-2			5.565844E+1			0.000000E+0
1.566000E+2			6.671653E-6			5.731097E-8			4.547853E-1			9.278676E-3			5.565844E+1			0.000000E+0
1.567000E+2			7.012353E-6			7.489382E-8			4.771937E-1			1.092675E-2			5.565844E+1			0.000000E+0
1.568000E+2			7.324549E-6			6.853951E-8			5.153786E-1			9.253387E-3			5.565844E+1			0.000000E+0
1.569000E+2			7.566402E-6			5.417161E-8			5.423100E-1			1.021562E-2			5.567400E+1			1.094413E-2
1.570000E+2			7.807343E-6			6.663346E-8			6.023639E-1			7.949082E-3			5.566622E+1			7.778052E-3
1.571000E+2			8.010864E-6			7.661242E-8			6.208725E-1			8.003675E-3			5.565844E+1			0.000000E+0
1.572000E+2			8.429505E-6			8.555659E-8			6.172221E-1			8.808895E-3			5.565844E+1			0.000000E+0
1.573000E+2			8.622099E-6			9.335498E-8			6.851858E-1			9.169246E-3			5.565844E+1			0.000000E+0
1.574000E+2			9.013377E-6			7.759706E-8			7.332090E-1			8.413780E-3			5.565844E+1			0.000000E+0
1.575000E+2			9.183357E-6			8.545443E-8			7.507173E-1			1.064405E-2			5.565844E+1			0.000000E+0
1.576000E+2			9.503415E-6			8.272443E-8			7.755640E-1			9.682257E-3			5.565844E+1			0.000000E+0
1.577000E+2			1.014519E-5			8.220887E-8			8.522820E-1			9.725469E-3			5.566622E+1			7.778052E-3
1.578000E+2			1.050416E-5			1.158475E-7			8.773626E-1			1.120300E-2			5.567400E+1			1.094413E-2
1.579000E+2			1.072443E-5			1.274031E-7			9.520690E-1			1.127346E-2			5.565844E+1			0.000000E+0
1.580000E+2			1.118072E-5			1.349283E-7			1.000056E+0			9.845765E-3			5.565844E+1			0.000000E+0
1.581000E+2			1.139448E-5			1.685593E-7			1.052093E+0			1.253870E-2			5.565844E+1			0.000000E+0
1.582000E+2			1.168312E-5			1.349626E-7			1.143601E+0			1.684725E-2			5.565844E+1			0.000000E+0
1.583000E+2			1.218043E-5			2.013826E-7			1.203955E+0			1.882273E-2			5.566622E+1			7.778052E-3
1.584000E+2			1.186425E-5			1.867301E-7			1.240771E+0			1.431253E-2			5.565844E+1			0.000000E+0
1.585000E+2			1.224682E-5			1.734541E-7			1.346604E+0			1.631701E-2			5.565844E+1			0.000000E+0
1.586000E+2			1.261803E-5			1.700313E-7			1.424102E+0			1.814799E-2			5.565844E+1			0.000000E+0
1.587000E+2			1.242951E-5			2.099558E-7			1.457085E+0			1.813850E-2			5.567400E+1			1.094413E-2
1.588000E+2			1.228398E-5			1.879601E-7			1.554048E+0			9.093003E-3			5.565844E+1			0.000000E+0
1.589000E+2			1.205119E-5			1.474462E-7			1.631865E+0			1.526172E-2			5.565844E+1			0.000000E+0
1.590000E+2			1.198611E-5			1.889572E-7			1.718539E+0			1.467858E-2			5.565844E+1			0.000000E+0
1.591000E+2			1.168753E-5			1.213506E-7			1.729766E+0			1.596635E-2			5.565844E+1			0.000000E+0
1.592000E+2			1.148977E-5			1.465967E-7			1.837590E+0			1.295761E-2			5.565844E+1			0.000000E+0
1.593000E+2			1.128546E-5			1.433554E-7			1.892162E+0			1.349771E-2			5.565844E+1			0.000000E+0
1.594000E+2			1.117738E-5			1.230034E-7			1.941864E+0			1.095027E-2			5.565844E+1			0.000000E+0
1.595000E+2			1.056334E-5			8.245326E-8			1.999589E+0			8.845201E-3			5.565844E+1			0.000000E+0
1.596000E+2			1.018475E-5			9.754801E-8			2.085487E+0			7.126073E-3			5.565844E+1			0.000000E+0
1.597000E+2			9.945695E-6			1.031303E-7			2.098778E+0			9.124033E-3			5.565844E+1			0.000000E+0
1.598000E+2			9.431647E-6			9.540747E-8			2.160991E+0			1.009033E-2			5.565844E+1			0.000000E+0
1.599000E+2			9.329360E-6			1.039673E-7			2.197072E+0			7.703584E-3			5.565844E+1			0.000000E+0
1.600000E+2			8.779079E-6			1.003873E-7			2.234835E+0			1.255404E-2			5.565844E+1			0.000000E+0
1.601000E+2			8.538286E-6			7.847736E-8			2.294936E+0			1.020954E-2			5.565844E+1			0.000000E+0
1.602000E+2			8.171682E-6			8.154385E-8			2.333153E+0			8.347183E-3			5.565844E+1			0.000000E+0
1.603000E+2			8.115347E-6			5.917586E-8			2.335875E+0			8.657696E-3			5.565844E+1			0.000000E+0
1.604000E+2			7.596506E-6			8.132273E-8			2.361774E+0			9.534726E-3			5.566622E+1			7.778052E-3
1.605000E+2			7.526377E-6			6.095306E-8			2.388441E+0			1.014896E-2			5.565844E+1			0.000000E+0
1.606000E+2			7.280245E-6			5.857065E-8			2.417857E+0			1.048492E-2			5.565844E+1			0.000000E+0
1.607000E+2			6.918504E-6			7.612461E-8			2.434953E+0			1.226265E-2			5.565326E+1			5.185368E-3
1.608000E+2			6.688097E-6			6.242620E-8			2.466601E+0			9.787524E-3			5.565844E+1			0.000000E+0
1.609000E+2			6.527244E-6			7.410742E-8			2.501011E+0			1.189620E-2			5.565326E+1			5.185368E-3
1.610000E+2			6.381393E-6			5.768740E-8			2.500865E+0			6.795022E-3			5.565844E+1			0.000000E+0
1.611000E+2			6.177013E-6			4.210149E-8			2.539616E+0			1.170785E-2			5.565844E+1			0.000000E+0
1.612000E+2			5.962160E-6			4.333506E-8			2.545899E+0			9.515499E-3			5.565844E+1			0.000000E+0
1.613000E+2			5.777247E-6			4.965241E-8			2.563879E+0			9.300637E-3			5.565844E+1			0.000000E+0
1.614000E+2			5.478426E-6			5.951964E-8			2.592342E+0			8.285223E-3			5.565844E+1			0.000000E+0
1.615000E+2			5.413707E-6			3.331959E-8			2.608956E+0			8.640554E-3			5.565844E+1			0.000000E+0
1.616000E+2			5.144119E-6			5.844174E-8			2.599899E+0			1.121866E-2			5.564807E+1			7.296087E-3
1.617000E+2			5.105176E-6			5.294806E-8			2.609378E+0			7.938559E-3			5.565844E+1			0.000000E+0
1.618000E+2			4.960140E-6			4.471982E-8			2.651841E+0			1.002739E-2			5.564807E+1			7.296087E-3
1.619000E+2			4.828886E-6			4.639601E-8			2.660448E+0			1.024984E-2			5.565326E+1			5.185368E-3
1.620000E+2			4.802446E-6			6.010878E-8			2.643161E+0			9.290462E-3			5.565844E+1			0.000000E+0
1.621000E+2			4.574738E-6			3.615318E-8			2.656794E+0			1.208949E-2			5.566622E+1			7.778052E-3
1.622000E+2			4.455004E-6			5.248272E-8			2.670870E+0			1.064573E-2			5.565326E+1			5.185368E-3
1.623000E+2			4.470462E-6			4.090972E-8			2.705432E+0			8.386881E-3			5.565844E+1			0.000000E+0
1.624000E+2			4.256746E-6			3.408087E-8			2.698170E+0			8.482246E-3			5.565844E+1			0.000000E+0
1.625000E+2			4.130717E-6			4.388549E-8			2.717535E+0			8.291889E-3			5.565326E+1			5.185368E-3
1.626000E+2			4.125936E-6			3.944108E-8			2.720656E+0			8.713952E-3			5.565844E+1			0.000000E+0
1.627000E+2			3.952864E-6			4.116797E-8			2.733603E+0			1.105437E-2			5.565844E+1			0.000000E+0
1.628000E+2			3.889511E-6			4.712082E-8			2.738214E+0			8.769858E-3			5.565844E+1			0.000000E+0
1.629000E+2			3.771098E-6			4.356864E-8			2.757600E+0			1.015123E-2			5.565844E+1			0.000000E+0
1.630000E+2			3.704598E-6			3.624046E-8			2.758729E+0			1.183836E-2			5.565844E+1			0.000000E+0
1.631000E+2			3.689841E-6			4.595078E-8			2.771294E+0			9.003159E-3			5.565844E+1			0.000000E+0
1.632000E+2			3.641598E-6			4.587613E-8			2.773595E+0			1.020041E-2			5.565844E+1			0.000000E+0
1.633000E+2			3.474755E-6			2.523183E-8			2.774545E+0			9.836095E-3			5.565844E+1			0.000000E+0
1.634000E+2			3.396134E-6			3.155131E-8			2.776013E+0			7.004224E-3			5.565844E+1			0.000000E+0
1.635000E+2			3.343869E-6			3.167151E-8			2.780512E+0			1.015363E-2			5.565844E+1			0.000000E+0
1.636000E+2			3.354942E-6			2.545031E-8			2.809930E+0			9.767025E-3			5.565844E+1			0.000000E+0
1.637000E+2			3.257307E-6			3.141884E-8			2.782914E+0			1.268920E-2			5.565844E+1			0.000000E+0
1.638000E+2			3.208726E-6			3.695398E-8			2.789977E+0			1.158197E-2			5.565844E+1			0.000000E+0
1.639000E+2			3.182874E-6			3.235602E-8			2.794376E+0			7.836712E-3			5.565844E+1			0.000000E+0
1.640000E+2			3.077211E-6			1.988976E-8			2.800714E+0			1.146420E-2			5.565844E+1			0.000000E+0
1.641000E+2			3.051263E-6			2.370396E-8			2.792459E+0			9.128004E-3			5.565844E+1			0.000000E+0
1.642000E+2			2.975844E-6			2.557756E-8			2.813957E+0			9.472232E-3			5.565844E+1			0.000000E+0
1.643000E+2			2.901504E-6			2.872947E-8			2.848834E+0			1.310816E-2			5.565844E+1			0.000000E+0
1.644000E+2			2.859416E-6			2.276728E-8			2.829246E+0			1.326377E-2			5.565844E+1			0.000000E+0
1.645000E+2			2.774270E-6			3.060454E-8			2.829064E+0			1.005498E-2			5.565844E+1			0.000000E+0
1.646000E+2			2.755634E-6			2.565907E-8			2.806926E+0			1.046818E-2			5.565844E+1			0.000000E+0
1.647000E+2			2.737894E-6			3.613166E-8			2.830173E+0			1.011415E-2			5.565844E+1			0.000000E+0
1.648000E+2			2.701769E-6			2.956776E-8			2.852214E+0			1.094780E-2			5.565844E+1			0.000000E+0
1.649000E+2			2.664786E-6			3.198047E-8			2.853801E+0			1.318402E-2			5.565844E+1			0.000000E+0
1.650000E+2			2.601243E-6			3.002123E-8			2.830521E+0			1.225661E-2			5.565844E+1			0.000000E+0
1.651000E+2			2.580422E-6			2.930197E-8			2.833453E+0			9.396805E-3			5.565844E+1			0.000000E+0
1.652000E+2			2.575967E-6			2.133265E-8			2.865328E+0			8.994908E-3			5.565844E+1			0.000000E+0
1.653000E+2			2.446751E-6			2.140546E-8			2.861910E+0			1.169070E-2			5.565844E+1			0.000000E+0
1.654000E+2			2.458328E-6			3.480258E-8			2.854336E+0			1.188697E-2			5.565844E+1			0.000000E+0
1.655000E+2			2.482214E-6			2.983783E-8			2.852184E+0			1.209146E-2			5.565844E+1			0.000000E+0
1.656000E+2			2.387258E-6			2.936977E-8			2.871020E+0			8.710184E-3			5.565844E+1			0.000000E+0
1.657000E+2			2.402399E-6			1.913917E-8			2.888152E+0			9.595507E-3			5.566622E+1			7.778052E-3
1.658000E+2			2.321557E-6			2.958288E-8			2.882430E+0			1.241809E-2			5.565844E+1			0.000000E+0
1.659000E+2			2.314067E-6			2.870867E-8			2.871602E+0			1.440425E-2			5.565844E+1			0.000000E+0
1.660000E+2			2.277459E-6			2.763987E-8			2.871792E+0			1.154948E-2			5.565844E+1			0.000000E+0
1.661000E+2			2.190317E-6			3.586631E-8			2.895268E+0			1.156148E-2			5.565844E+1			0.000000E+0
1.662000E+2			2.229719E-6			2.800779E-8			2.887053E+0			1.259959E-2			5.565844E+1			0.000000E+0
1.663000E+2			2.153446E-6			2.698114E-8			2.887167E+0			1.307209E-2			5.565844E+1			0.000000E+0
1.664000E+2			2.147321E-6			3.028134E-8			2.908677E+0			1.277424E-2			5.565844E+1			0.000000E+0
1.665000E+2			2.139274E-6			2.481985E-8			2.886861E+0			1.432504E-2			5.565844E+1			0.000000E+0
1.666000E+2			2.087283E-6			2.331620E-8			2.907178E+0			1.379422E-2			5.565844E+1			0.000000E+0
1.667000E+2			2.097214E-6			2.139109E-8			2.925897E+0			1.343561E-2			5.565844E+1			0.000000E+0
1.668000E+2			2.062442E-6			2.979858E-8			2.879816E+0			1.279785E-2			5.565844E+1			0.000000E+0
1.669000E+2			2.020313E-6			2.643985E-8			2.902740E+0			1.081510E-2			5.565844E+1			0.000000E+0
1.670000E+2			2.049587E-6			2.176179E-8			2.872151E+0			1.335160E-2			5.565844E+1			0.000000E+0
1.671000E+2			1.954951E-6			1.589479E-8			2.903220E+0			1.393235E-2			5.565844E+1			0.000000E+0
1.672000E+2			1.957357E-6			1.968752E-8			2.906428E+0			1.498159E-2			5.565844E+1			0.000000E+0
1.673000E+2			1.962841E-6			2.701266E-8			2.923003E+0			1.580104E-2			5.565844E+1			0.000000E+0
1.674000E+2			1.944982E-6			2.757025E-8			2.909661E+0			1.539851E-2			5.565844E+1			0.000000E+0
1.675000E+2			1.851452E-6			1.672937E-8			2.913803E+0			1.107081E-2			5.565326E+1			5.185368E-3
1.676000E+2			1.890330E-6			2.067059E-8			2.912104E+0			1.107044E-2			5.565844E+1			0.000000E+0
1.677000E+2			1.847271E-6			2.768174E-8			2.907760E+0			1.590254E-2			5.565844E+1			0.000000E+0
1.678000E+2			1.827657E-6			3.361058E-8			2.916022E+0			2.021202E-2			5.565844E+1			0.000000E+0
1.679000E+2			1.822181E-6			2.202815E-8			2.933266E+0			1.375806E-2			5.565844E+1			0.000000E+0
1.680000E+2			1.794249E-6			2.424067E-8			2.899406E+0			1.743057E-2			5.565844E+1			0.000000E+0
1.681000E+2			1.758934E-6			3.029215E-8			2.943079E+0			1.571679E-2			5.565844E+1			0.000000E+0
1.682000E+2			1.781840E-6			3.177109E-8			2.914654E+0			1.909617E-2			5.565844E+1			0.000000E+0
1.683000E+2			1.753991E-6			2.215429E-8			2.947637E+0			2.113048E-2			5.565844E+1			0.000000E+0
1.684000E+2			1.727142E-6			2.557382E-8			2.959539E+0			1.868158E-2			5.565844E+1			0.000000E+0
1.685000E+2			1.751118E-6			2.713895E-8			2.932588E+0			1.501762E-2			5.565844E+1			0.000000E+0
1.686000E+2			1.727099E-6			2.553885E-8			2.915896E+0			1.865693E-2			5.565844E+1			0.000000E+0
1.687000E+2			1.677292E-6			3.325844E-8			2.930961E+0			1.848098E-2			5.565844E+1			0.000000E+0
1.688000E+2			1.668294E-6			3.119184E-8			2.961656E+0			2.206187E-2			5.566622E+1			7.778052E-3
1.689000E+2			1.671773E-6			2.797663E-8			2.948355E+0			2.103508E-2			5.565844E+1			0.000000E+0
1.690000E+2			1.640063E-6			3.331172E-8			2.960655E+0			1.586467E-2			5.565844E+1			0.000000E+0
1.691000E+2			1.650809E-6			3.946325E-8			2.917445E+0			2.109937E-2			5.566104E+1			9.391535E-3
1.692000E+2			1.606206E-6			4.990572E-8			2.964682E+0			1.907770E-2			5.565844E+1			0.000000E+0
1.693000E+2			1.575634E-6			4.278023E-8			2.933206E+0			2.119517E-2			5.565844E+1			0.000000E+0
1.694000E+2			1.551172E-6			4.219837E-8			2.951267E+0			2.239162E-2			5.566622E+1			7.778052E-3
1.695000E+2			1.565121E-6			3.385293E-8			2.702499E+0			3.001347E-1			5.565844E+1			0.000000E+0
1.696000E+2			1.517498E-6			3.965474E-8			2.691686E+0			2.966750E-1			5.565844E+1			0.000000E+0
1.697000E+2			1.545514E-6			4.406312E-8			2.672577E+0			2.976083E-1			5.565844E+1			0.000000E+0
1.698000E+2			1.544466E-6			3.910893E-8			2.684693E+0			2.940195E-1			5.565844E+1			0.000000E+0
1.699000E+2			1.506022E-6			3.790559E-8			2.955761E+0			2.398852E-2			5.565844E+1			0.000000E+0
1.700000E+2			1.448190E-6			3.691032E-8			2.392038E+0			4.061194E-1			5.565844E+1			0.000000E+0
1.701000E+2			1.447956E-6			4.348316E-8			2.663562E+0			2.951428E-1			5.565844E+1			0.000000E+0
