1.500000E+2			3.169904E-6			3.518609E-7			6.240208E-1			3.230838E-1			3.092942E+1			2.044473E-2
1.501000E+2			2.639320E-6			2.316471E-7			1.717046E-1			1.804887E-1			3.102276E+1			5.185368E-3
1.502000E+2			2.223872E-6			2.803947E-7			2.010804E-1			2.527039E-1			3.102795E+1			3.570612E-16
1.503000E+2			2.551788E-6			2.442240E-7			1.981103E-1			1.587042E-1			3.102795E+1			3.570612E-16
1.504000E+2			2.376974E-6			2.544593E-7			-5.168103E-2			1.439142E-1			3.102795E+1			3.570612E-16
1.505000E+2			1.838661E-6			1.545204E-7			-2.741605E-1			1.201274E-1			3.105906E+1			1.531859E-2
1.506000E+2			2.223323E-6			1.592000E-7			7.242336E-2			9.344498E-2			3.110573E+1			2.345171E-2
1.507000E+2			2.287672E-6			1.312577E-7			2.602611E-2			8.563426E-2			3.128462E+1			3.675764E-2
1.508000E+2			1.903899E-6			1.098287E-7			-1.093495E-1			7.455538E-2			3.147129E+1			3.870124E-2
1.509000E+2			2.149121E-6			1.087001E-7			1.336135E-2			7.404125E-2			3.167352E+1			2.936410E-2
1.510000E+2			2.421778E-6			8.462200E-8			1.432424E-2			5.663086E-2			3.174353E+1			2.120763E-2
1.511000E+2			2.164796E-6			9.179116E-8			4.322339E-2			3.286570E-2			3.178242E+1			1.333521E-2
1.512000E+2			2.328852E-6			9.470298E-8			8.928653E-2			3.550318E-2			3.179797E+1			7.778052E-3
1.513000E+2			2.243696E-6			7.784255E-8			1.325052E-1			3.407061E-2			3.179019E+1			1.094413E-2
1.514000E+2			2.175260E-6			6.552572E-8			7.990959E-3			3.835478E-2			3.182131E+1			8.890138E-3
1.515000E+2			2.349298E-6			6.693047E-8			-1.918775E-2			3.169584E-2			3.181612E+1			7.296087E-3
1.516000E+2			2.242922E-6			6.151131E-8			1.189821E-1			2.791684E-2			3.183168E+1			1.135818E-2
1.517000E+2			2.351975E-6			5.268002E-8			3.475213E-2			2.590993E-2			3.188353E+1			1.860874E-2
1.518000E+2			2.254180E-6			5.471843E-8			5.738615E-2			2.429548E-2			3.195094E+1			2.339954E-2
1.519000E+2			2.441271E-6			5.065328E-8			2.347686E-2			2.214901E-2			3.204946E+1			2.601051E-2
1.520000E+2			2.383299E-6			4.598702E-8			4.828108E-2			1.914712E-2			3.209095E+1			2.592684E-2
1.521000E+2			2.422289E-6			5.024876E-8			8.047095E-2			2.199530E-2			3.214280E+1			2.485723E-2
1.522000E+2			2.457400E-6			3.310848E-8			5.926797E-2			2.289565E-2			3.219465E+1			2.256642E-2
1.523000E+2			2.544632E-6			3.539087E-8			8.734182E-2			1.822602E-2			3.223614E+1			1.957607E-2
1.524000E+2			2.525303E-6			5.170999E-8			6.458241E-2			1.672270E-2			3.223614E+1			1.957607E-2
1.525000E+2			2.489682E-6			4.165440E-8			9.374734E-2			2.393557E-2			3.227762E+1			1.491434E-2
1.526000E+2			2.536290E-6			4.706560E-8			6.806615E-2			2.102517E-2			3.228799E+1			1.329696E-2
1.527000E+2			2.543416E-6			3.246667E-8			8.895660E-2			1.836118E-2			3.230355E+1			1.021239E-2
1.528000E+2			2.677823E-6			5.289596E-8			1.080832E-1			1.560074E-2			3.230873E+1			8.890138E-3
1.529000E+2			2.718014E-6			4.156956E-8			7.211557E-2			1.825426E-2			3.230873E+1			8.890138E-3
1.530000E+2			2.738272E-6			5.615924E-8			1.056952E-1			1.640223E-2			3.232429E+1			0.000000E+0
1.531000E+2			2.825569E-6			5.465249E-8			9.552698E-2			1.678826E-2			3.232429E+1			0.000000E+0
1.532000E+2			2.751782E-6			4.392477E-8			9.683290E-2			1.832387E-2			3.232429E+1			0.000000E+0
1.533000E+2			2.807291E-6			5.758156E-8			9.415776E-2			1.347524E-2			3.231910E+1			5.185368E-3
1.534000E+2			2.903220E-6			4.058100E-8			8.716908E-2			1.551771E-2			3.232429E+1			0.000000E+0
1.535000E+2			2.915338E-6			2.947754E-8			1.063525E-1			1.386768E-2			3.232429E+1			0.000000E+0
1.536000E+2			2.949587E-6			4.347886E-8			1.048607E-1			1.484372E-2			3.232429E+1			0.000000E+0
1.537000E+2			3.037152E-6			4.028984E-8			9.649845E-2			1.225465E-2			3.232429E+1			0.000000E+0
1.538000E+2			3.023667E-6			4.456162E-8			1.373708E-1			1.378497E-2			3.232429E+1			0.000000E+0
1.539000E+2			3.096236E-6			2.473515E-8			1.337168E-1			1.012890E-2			3.232429E+1			0.000000E+0
1.540000E+2			3.151414E-6			4.452998E-8			1.402296E-1			1.349737E-2			3.232429E+1			0.000000E+0
1.541000E+2			3.202815E-6			3.083389E-8			1.279374E-1			1.410786E-2			3.232429E+1			0.000000E+0
1.542000E+2			3.342350E-6			3.568381E-8			1.657633E-1			1.489026E-2			3.232429E+1			0.000000E+0
1.543000E+2			3.354007E-6			4.436033E-8			1.680231E-1			1.081265E-2			3.232429E+1			0.000000E+0
1.544000E+2			3.345050E-6			3.690946E-8			1.734910E-1			1.127053E-2			3.233207E+1			7.778052E-3
1.545000E+2			3.359560E-6			4.103639E-8			1.477277E-1			1.266813E-2			3.232429E+1			0.000000E+0
1.546000E+2			3.441189E-6			3.939323E-8			1.784527E-1			1.200174E-2			3.232429E+1			0.000000E+0
1.547000E+2			3.554539E-6			4.267908E-8			1.669511E-1			1.220851E-2			3.232429E+1			0.000000E+0
1.548000E+2			3.620518E-6			4.938819E-8			1.761912E-1			1.435914E-2			3.232429E+1			0.000000E+0
1.549000E+2			3.693744E-6			7.306564E-8			1.525701E-1			1.445226E-2			3.232429E+1			0.000000E+0
1.550000E+2			3.854658E-6			3.417846E-8			1.736982E-1			1.214702E-2			3.233984E+1			1.094413E-2
1.551000E+2			3.838600E-6			6.341813E-8			1.959668E-1			1.461887E-2			3.233207E+1			7.778052E-3
1.552000E+2			3.908221E-6			3.820073E-8			1.955739E-1			1.146310E-2			3.232429E+1			0.000000E+0
1.553000E+2			3.977975E-6			4.630872E-8			1.997366E-1			9.327596E-3			3.232429E+1			0.000000E+0
1.554000E+2			4.077875E-6			6.118017E-8			2.294549E-1			9.028190E-3			3.232429E+1			0.000000E+0
1.555000E+2			4.209659E-6			3.920949E-8			2.148393E-1			1.178341E-2			3.232429E+1			0.000000E+0
1.556000E+2			4.296958E-6			5.324767E-8			2.187377E-1			8.647963E-3			3.232429E+1			0.000000E+0
1.557000E+2			4.371597E-6			6.043018E-8			2.333452E-1			9.746226E-3			3.233207E+1			7.778052E-3
1.558000E+2			4.449373E-6			4.924239E-8			2.356481E-1			9.869921E-3			3.233984E+1			1.094413E-2
1.559000E+2			4.559560E-6			6.523636E-8			2.348873E-1			8.320916E-3			3.233984E+1			1.094413E-2
1.560000E+2			4.798583E-6			5.679561E-8			2.640356E-1			9.840516E-3			3.233984E+1			1.094413E-2
1.561000E+2			4.768356E-6			6.309513E-8			2.664377E-1			1.026959E-2			3.233207E+1			7.778052E-3
1.562000E+2			4.932032E-6			5.265659E-8			2.896861E-1			1.192653E-2			3.233207E+1			7.778052E-3
1.563000E+2			4.946537E-6			4.729532E-8			2.820881E-1			8.648897E-3			3.233207E+1			7.778052E-3
1.564000E+2			5.190080E-6			5.620622E-8			2.986287E-1			9.734852E-3			3.235540E+1			1.531859E-2
1.565000E+2			5.318694E-6			3.971029E-8			3.215995E-1			1.243197E-2			3.233984E+1			1.094413E-2
1.566000E+2			5.483066E-6			6.479392E-8			3.570361E-1			1.047432E-2			3.233207E+1			7.778052E-3
1.567000E+2			5.526990E-6			4.726210E-8			3.391727E-1			1.272520E-2			3.235540E+1			1.531859E-2
1.568000E+2			5.792021E-6			4.962101E-8			3.503600E-1			9.978555E-3			3.233984E+1			1.094413E-2
1.569000E+2			5.912553E-6			5.778098E-8			3.920552E-1			1.015876E-2			3.234762E+1			1.333521E-2
1.570000E+2			6.100075E-6			6.335673E-8			4.096770E-1			1.089081E-2			3.232429E+1			0.000000E+0
1.571000E+2			6.486384E-6			7.970763E-8			4.164376E-1			9.856503E-3			3.233207E+1			7.778052E-3
1.572000E+2			6.485370E-6			6.831402E-8			4.426065E-1			9.282847E-3			3.233984E+1			1.094413E-2
1.573000E+2			6.740744E-6			6.543086E-8			4.569742E-1			8.961553E-3			3.234762E+1			1.333521E-2
1.574000E+2			6.947420E-6			7.492861E-8			4.681078E-1			1.015043E-2			3.234762E+1			1.333521E-2
1.575000E+2			7.309529E-6			7.719706E-8			5.057431E-1			1.114526E-2			3.234762E+1			1.333521E-2
1.576000E+2			7.514897E-6			8.983932E-8			5.066695E-1			1.003652E-2			3.233984E+1			1.094413E-2
1.577000E+2			7.736258E-6			1.004006E-7			5.300738E-1			1.205359E-2			3.236318E+1			1.703727E-2
1.578000E+2			7.976438E-6			7.738054E-8			5.624280E-1			1.057109E-2			3.234762E+1			1.333521E-2
1.579000E+2			8.407270E-6			5.050840E-8			5.606064E-1			8.133635E-3			3.233984E+1			1.094413E-2
1.580000E+2			8.722201E-6			6.065681E-8			6.021095E-1			1.058663E-2			3.233207E+1			7.778052E-3
1.581000E+2			8.769670E-6			1.028714E-7			6.514681E-1			8.489030E-3			3.233984E+1			1.094413E-2
1.582000E+2			9.151949E-6			8.290938E-8			7.036116E-1			1.151125E-2			3.233984E+1			1.094413E-2
1.583000E+2			9.599412E-6			9.291931E-8			7.063043E-1			1.245841E-2			3.232429E+1			0.000000E+0
1.584000E+2			1.007435E-5			1.045171E-7			7.649259E-1			9.670718E-3			3.233984E+1			1.094413E-2
1.585000E+2			1.035780E-5			1.173482E-7			8.096096E-1			1.078174E-2			3.233984E+1			1.094413E-2
1.586000E+2			1.075847E-5			1.039602E-7			8.844141E-1			1.286299E-2			3.233207E+1			7.778052E-3
1.587000E+2			1.124805E-5			1.229616E-7			9.080997E-1			1.093211E-2			3.235540E+1			1.531859E-2
1.588000E+2			1.145919E-5			1.720197E-7			9.678068E-1			1.196229E-2			3.234762E+1			1.333521E-2
1.589000E+2			1.167853E-5			1.603720E-7			1.026767E+0			1.191168E-2			3.233984E+1			1.094413E-2
1.590000E+2			1.201927E-5			1.237639E-7			1.095993E+0			1.211221E-2			3.233984E+1			1.094413E-2
1.591000E+2			1.228377E-5			1.054502E-7			1.120708E+0			1.122265E-2			3.234762E+1			1.333521E-2
1.592000E+2			1.266854E-5			1.626958E-7			1.207889E+0			8.889756E-3			3.234762E+1			1.333521E-2
1.593000E+2			1.260066E-5			1.060248E-7			1.266713E+0			1.089321E-2			3.233207E+1			7.778052E-3
1.594000E+2			1.289799E-5			1.500228E-7			1.359994E+0			9.641946E-3			3.233984E+1			1.094413E-2
1.595000E+2			1.323765E-5			1.257093E-7			1.421280E+0			7.984652E-3			3.234762E+1			1.333521E-2
1.596000E+2			1.287455E-5			1.417297E-7			1.497970E+0			9.185660E-3			3.232429E+1			0.000000E+0
1.597000E+2			1.303414E-5			1.481059E-7			1.576551E+0			9.722083E-3			3.232429E+1			0.000000E+0
1.598000E+2			1.276742E-5			1.646739E-7			1.652592E+0			7.504588E-3			3.233207E+1			7.778052E-3
1.599000E+2			1.282093E-5			1.258592E-7			1.710388E+0			9.398192E-3			3.234762E+1			1.333521E-2
1.600000E+2			1.247942E-5			1.312915E-7			1.776564E+0			1.254333E-2			3.232429E+1			0.000000E+0
1.601000E+2			1.210800E-5			1.595735E-7			1.850791E+0			1.451657E-2			3.233207E+1			7.778052E-3
1.602000E+2			1.204963E-5			1.177320E-7			1.932755E+0			1.105408E-2			3.232429E+1			0.000000E+0
1.603000E+2			1.160212E-5			9.607035E-8			1.974433E+0			9.779403E-3			3.233207E+1			7.778052E-3
1.604000E+2			1.116640E-5			1.098038E-7			1.995192E+0			1.032536E-2			3.233984E+1			1.094413E-2
1.605000E+2			1.088601E-5			1.156775E-7			2.070550E+0			1.112711E-2			3.233984E+1			1.094413E-2
1.606000E+2			1.044215E-5			1.009511E-7			2.129573E+0			1.212186E-2			3.233207E+1			7.778052E-3
1.607000E+2			1.000234E-5			8.889538E-8			2.154036E+0			1.156572E-2			3.232429E+1			0.000000E+0
1.608000E+2			9.619024E-6			7.376920E-8			2.207002E+0			1.067817E-2			3.233207E+1			7.778052E-3
1.609000E+2			9.399739E-6			1.107309E-7			2.265560E+0			9.626096E-3			3.233207E+1			7.778052E-3
1.610000E+2			9.134630E-6			9.628217E-8			2.297257E+0			1.092023E-2			3.233207E+1			7.778052E-3
1.611000E+2			8.723267E-6			7.312059E-8			2.315881E+0			1.113215E-2			3.233207E+1			7.778052E-3
1.612000E+2			8.407564E-6			8.064056E-8			2.350098E+0			1.224849E-2			3.233207E+1			7.778052E-3
1.613000E+2			8.062827E-6			9.477595E-8			2.409478E+0			1.304685E-2			3.233984E+1			1.094413E-2
1.614000E+2			7.903135E-6			8.584694E-8			2.417357E+0			8.611865E-3			3.232429E+1			0.000000E+0
1.615000E+2			7.560543E-6			6.886544E-8			2.449187E+0			8.778874E-3			3.233207E+1			7.778052E-3
1.616000E+2			7.275906E-6			9.517605E-8			2.443927E+0			1.209704E-2			3.232429E+1			0.000000E+0
1.617000E+2			7.072003E-6			7.768808E-8			2.478411E+0			1.074418E-2			3.233207E+1			7.778052E-3
1.618000E+2			6.746649E-6			8.709367E-8			2.498134E+0			1.300342E-2			3.232429E+1			0.000000E+0
1.619000E+2			6.597312E-6			8.357600E-8			2.517847E+0			9.139038E-3			3.233207E+1			7.778052E-3
1.620000E+2			6.436837E-6			6.098195E-8			2.534027E+0			8.137420E-3			3.233984E+1			1.094413E-2
1.621000E+2			6.105321E-6			5.616413E-8			2.564198E+0			9.486582E-3			3.232429E+1			0.000000E+0
1.622000E+2			5.925408E-6			6.522678E-8			2.565551E+0			1.120284E-2			3.232429E+1			0.000000E+0
1.623000E+2			5.911120E-6			4.524912E-8			2.585978E+0			7.248412E-3			3.232429E+1			0.000000E+0
1.624000E+2			5.694195E-6			5.968257E-8			2.584102E+0			1.310749E-2			3.232429E+1			0.000000E+0
1.625000E+2			5.470984E-6			5.722240E-8			2.622235E+0			8.299899E-3			3.232429E+1			0.000000E+0
1.626000E+2			5.346969E-6			4.687107E-8			2.644871E+0			1.150847E-2			3.232429E+1			0.000000E+0
1.627000E+2			5.231542E-6			4.359540E-8			2.666932E+0			1.066849E-2			3.232429E+1			0.000000E+0
1.628000E+2			5.109986E-6			5.946468E-8			2.666095E+0			1.108609E-2			3.232429E+1			0.000000E+0
1.629000E+2			4.921775E-6			6.338851E-8			2.661551E+0			9.380842E-3			3.232429E+1			0.000000E+0
1.630000E+2			4.816462E-6			4.432415E-8			2.688940E+0			8.489060E-3			3.232429E+1			0.000000E+0
1.631000E+2			4.630980E-6			5.483299E-8			2.689951E+0			1.124006E-2			3.232429E+1			0.000000E+0
1.632000E+2			4.646414E-6			5.548391E-8			2.707276E+0			1.221215E-2			3.233207E+1			7.778052E-3
1.633000E+2			4.545314E-6			4.734187E-8			2.697180E+0			1.328904E-2			3.232429E+1			0.000000E+0
1.634000E+2			4.360326E-6			5.263267E-8			2.706513E+0			1.030776E-2			3.232429E+1			0.000000E+0
1.635000E+2			4.133738E-6			4.827949E-8			2.737459E+0			1.031727E-2			3.232429E+1			0.000000E+0
1.636000E+2			4.197341E-6			5.034058E-8			2.744720E+0			1.256650E-2			3.232429E+1			0.000000E+0
1.637000E+2			4.129656E-6			4.921527E-8			2.735209E+0			1.089707E-2			3.232429E+1			0.000000E+0
1.638000E+2			4.034677E-6			3.959835E-8			2.722806E+0			1.129464E-2			3.233207E+1			7.778052E-3
1.639000E+2			3.852642E-6			5.116499E-8			2.762577E+0			1.018802E-2			3.233207E+1			7.778052E-3
1.640000E+2			3.943271E-6			4.637663E-8			2.759014E+0			1.313466E-2			3.233207E+1			7.778052E-3
1.641000E+2			3.793318E-6			4.566922E-8			2.753655E+0			1.437160E-2			3.232429E+1			0.000000E+0
1.642000E+2			3.784959E-6			4.532988E-8			2.797343E+0			1.756609E-2			3.233207E+1			7.778052E-3
1.643000E+2			3.637518E-6			6.468880E-8			2.781058E+0			1.710037E-2			3.232429E+1			0.000000E+0
1.644000E+2			3.354515E-6			5.868333E-8			2.839995E+0			1.638387E-2			3.232429E+1			0.000000E+0
1.645000E+2			3.522961E-6			8.344056E-8			2.792601E+0			2.321213E-2			3.232429E+1			0.000000E+0
1.646000E+2			3.455710E-6			1.050151E-7			2.795788E+0			2.246464E-2			3.232429E+1			0.000000E+0
1.647000E+2			3.404013E-6			1.205891E-7			2.799577E+0			3.411692E-2			3.233207E+1			7.778052E-3
1.648000E+2			3.312360E-6			1.377740E-7			2.509630E+0			2.904732E-1			3.232429E+1			0.000000E+0
1.649000E+2			3.217714E-6			1.399754E-7			2.709437E+0			2.987684E-1			3.232429E+1			0.000000E+0
1.650000E+2			3.233205E-6			1.273190E-7			2.812269E+0			4.782750E-2			3.232429E+1			0.000000E+0
1.651000E+2			3.138617E-6			9.733563E-8			2.797276E+0			3.717563E-2			3.232429E+1			0.000000E+0
1.652000E+2			3.055776E-6			1.056813E-7			2.840064E+0			2.625809E-2			3.232429E+1			0.000000E+0
1.653000E+2			3.005720E-6			8.681541E-8			2.842294E+0			3.125678E-2			3.232429E+1			0.000000E+0
1.654000E+2			3.116561E-6			5.164334E-8			2.824034E+0			2.134752E-2			3.233984E+1			1.094413E-2
1.655000E+2			2.967067E-6			5.852419E-8			2.838787E+0			1.772260E-2			3.232429E+1			0.000000E+0
1.656000E+2			2.870325E-6			5.592747E-8			2.844102E+0			1.247112E-2			3.232429E+1			0.000000E+0
1.657000E+2			2.856904E-6			4.285412E-8			2.872336E+0			1.930762E-2			3.232429E+1			0.000000E+0
1.658000E+2			2.818130E-6			5.040662E-8			2.848056E+0			1.754106E-2			3.232429E+1			0.000000E+0
1.659000E+2			2.709484E-6			2.877514E-8			2.868391E+0			1.461011E-2			3.232429E+1			0.000000E+0
1.660000E+2			2.723150E-6			5.348621E-8			2.869531E+0			1.613309E-2			3.232429E+1			0.000000E+0
1.661000E+2			2.677660E-6			3.884974E-8			2.872212E+0			1.284717E-2			3.232429E+1			0.000000E+0
1.662000E+2			2.618909E-6			3.602011E-8			2.887304E+0			1.523239E-2			3.232429E+1			0.000000E+0
1.663000E+2			2.584055E-6			2.896877E-8			2.891275E+0			1.444886E-2			3.232429E+1			0.000000E+0
1.664000E+2			2.664629E-6			3.294069E-8			2.847156E+0			1.113804E-2			3.232429E+1			0.000000E+0
1.665000E+2			2.498235E-6			3.826340E-8			2.865773E+0			1.218509E-2			3.232429E+1			0.000000E+0
1.666000E+2			2.498414E-6			3.242850E-8			2.861365E+0			1.267168E-2			3.232429E+1			0.000000E+0
1.667000E+2			2.415156E-6			3.287190E-8			2.852819E+0			1.364887E-2			3.232429E+1			0.000000E+0
1.668000E+2			2.407209E-6			3.523607E-8			2.869442E+0			1.321534E-2			3.232429E+1			0.000000E+0
1.669000E+2			2.387585E-6			3.914831E-8			2.908670E+0			1.064359E-2			3.232429E+1			0.000000E+0
1.670000E+2			2.360930E-6			2.856902E-8			2.898988E+0			1.761152E-2			3.232429E+1			0.000000E+0
1.671000E+2			2.321516E-6			2.924502E-8			2.919922E+0			1.262440E-2			3.232429E+1			0.000000E+0
1.672000E+2			2.323719E-6			3.456064E-8			2.907563E+0			1.645256E-2			3.232429E+1			0.000000E+0
1.673000E+2			2.257272E-6			3.026176E-8			2.900184E+0			1.383667E-2			3.232429E+1			0.000000E+0
1.674000E+2			2.225433E-6			2.413147E-8			2.925866E+0			1.363035E-2			3.232429E+1			0.000000E+0
1.675000E+2			2.160257E-6			3.086112E-8			2.910561E+0			1.359631E-2			3.232429E+1			0.000000E+0
1.676000E+2			2.195400E-6			2.342506E-8			2.894446E+0			1.219281E-2			3.232429E+1			0.000000E+0
1.677000E+2			2.171732E-6			4.015759E-8			2.911260E+0			1.616431E-2			3.232429E+1			0.000000E+0
1.678000E+2			2.170163E-6			3.451636E-8			2.902154E+0			1.348400E-2			3.232429E+1			0.000000E+0
1.679000E+2			2.117488E-6			3.085103E-8			2.915692E+0			1.494385E-2			3.232429E+1			0.000000E+0
1.680000E+2			2.134204E-6			4.346269E-8			2.899466E+0			1.332321E-2			3.232429E+1			0.000000E+0
1.681000E+2			2.086007E-6			3.991255E-8			2.913229E+0			1.797394E-2			3.232429E+1			0.000000E+0
1.682000E+2			2.012902E-6			3.195612E-8			2.916736E+0			1.549354E-2			3.232429E+1			0.000000E+0
1.683000E+2			1.995679E-6			4.439279E-8			2.912359E+0			2.097748E-2			3.232429E+1			0.000000E+0
1.684000E+2			2.029445E-6			2.359823E-8			2.912944E+0			1.820024E-2			3.232429E+1			0.000000E+0
1.685000E+2			1.984920E-6			5.356025E-8			2.942558E+0			2.403166E-2			3.232429E+1			0.000000E+0
1.686000E+2			2.001352E-6			4.671984E-8			2.914937E+0			2.484930E-2			3.232429E+1			0.000000E+0
1.687000E+2			1.985484E-6			5.570125E-8			2.644163E+0			2.974031E-1			3.232429E+1			0.000000E+0
1.688000E+2			1.939644E-6			4.252304E-8			2.929672E+0			1.730353E-2			3.232429E+1			0.000000E+0
1.689000E+2			1.945445E-6			4.623005E-8			2.904040E+0			2.436012E-2			3.232429E+1			0.000000E+0
1.690000E+2			1.867993E-6			4.203921E-8			2.917909E+0			2.420073E-2			3.232429E+1			0.000000E+0
1.691000E+2			1.876299E-6			5.481727E-8			2.929792E+0			2.928766E-2			3.232429E+1			0.000000E+0
1.692000E+2			1.862957E-6			6.543979E-8			2.353753E+0			4.021661E-1			3.232429E+1			0.000000E+0
1.693000E+2			1.896460E-6			1.004492E-7			8.515094E-1			6.332048E-1			3.232429E+1			0.000000E+0
1.694000E+2			1.958305E-6			1.015177E-7			2.657880E+0			3.308502E-2			3.232429E+1			0.000000E+0
1.695000E+2			1.912673E-6			1.510696E-7			5.700402E-1			6.230316E-1			3.232429E+1			0.000000E+0
1.696000E+2			1.960210E-6			1.512945E-7			2.480491E-1			6.220311E-1			3.232429E+1			0.000000E+0
1.697000E+2			1.984070E-6			1.558413E-7			-7.663496E-2			6.140141E-1			3.232429E+1			0.000000E+0
1.698000E+2			2.097994E-6			2.237110E-7			3.386023E-1			5.795592E-1			3.232429E+1			0.000000E+0
1.699000E+2			2.214122E-6			1.934069E-7			1.048142E+0			4.837069E-1			3.232429E+1			0.000000E+0
1.700000E+2			2.100246E-6			1.965637E-7			7.323472E-1			5.657191E-1			3.232429E+1			0.000000E+0
1.701000E+2			1.878619E-6			1.914783E-7			4.686623E-1			5.724996E-1			3.232429E+1			0.000000E+0
