1.500000E+2			3.211107E-6			2.860022E-7			-4.211960E-2			2.081438E-1			5.568178E+1			1.333521E-2
1.501000E+2			2.376935E-6			1.904802E-7			-2.435864E-1			1.950302E-1			5.581400E+1			3.126895E-2
1.502000E+2			2.288232E-6			2.068446E-7			-2.470225E-1			1.066052E-1			5.627291E+1			3.184025E-2
1.503000E+2			2.507224E-6			1.996812E-7			-5.352524E-2			1.050276E-1			5.642069E+1			1.094413E-2
1.504000E+2			2.088997E-6			2.044069E-7			-1.410664E-2			8.631535E-2			5.648292E+1			1.491434E-2
1.505000E+2			2.139916E-6			1.582133E-7			-3.203697E-3			8.751907E-2			5.665922E+1			2.580083E-2
1.506000E+2			1.972650E-6			1.827603E-7			3.252595E-2			7.203868E-2			5.688219E+1			1.808320E-2
1.507000E+2			2.195837E-6			1.526013E-7			8.172690E-2			6.783805E-2			5.693923E+1			8.890138E-3
1.508000E+2			1.943660E-6			1.149836E-7			9.528988E-3			6.396302E-2			5.695479E+1			0.000000E+0
1.509000E+2			2.216420E-6			1.323527E-7			1.373567E-1			5.076917E-2			5.695479E+1			0.000000E+0
1.510000E+2			2.352784E-6			1.061673E-7			3.357712E-2			6.250466E-2			5.695479E+1			0.000000E+0
1.511000E+2			2.421204E-6			1.251622E-7			9.366789E-2			4.229892E-2			5.695479E+1			0.000000E+0
1.512000E+2			2.081537E-6			7.742880E-8			-1.693446E-2			3.062703E-2			5.699368E+1			1.703727E-2
1.513000E+2			2.119202E-6			6.937970E-8			4.653401E-2			3.674199E-2			5.704034E+1			2.445933E-2
1.514000E+2			2.259339E-6			6.891234E-8			2.884855E-3			3.460398E-2			5.719591E+1			3.615419E-2
1.515000E+2			2.375207E-6			6.791617E-8			4.024164E-2			3.092662E-2			5.732035E+1			3.901576E-2
1.516000E+2			2.377733E-6			6.756688E-8			1.017512E-1			3.159128E-2			5.745258E+1			3.752273E-2
1.517000E+2			2.352207E-6			5.582778E-8			1.089060E-1			2.757234E-2			5.756147E+1			3.238261E-2
1.518000E+2			2.473274E-6			7.232259E-8			7.657471E-2			2.251619E-2			5.767037E+1			2.120763E-2
1.519000E+2			2.526060E-6			6.195796E-8			1.023805E-1			2.592960E-2			5.772481E+1			7.778052E-3
1.520000E+2			2.513732E-6			6.580021E-8			9.204426E-2			2.725426E-2			5.775333E+1			1.021239E-2
1.521000E+2			2.624408E-6			4.125648E-8			1.024917E-1			1.919952E-2			5.774815E+1			8.890138E-3
1.522000E+2			2.578833E-6			4.586492E-8			2.346726E-2			1.483658E-2			5.777926E+1			1.491434E-2
1.523000E+2			2.572337E-6			4.796084E-8			6.881110E-2			1.973902E-2			5.783111E+1			2.044473E-2
1.524000E+2			2.749825E-6			4.894019E-8			1.125557E-1			1.678405E-2			5.785185E+1			2.193165E-2
1.525000E+2			2.728324E-6			3.454107E-8			9.636998E-2			1.506416E-2			5.790371E+1			2.450509E-2
1.526000E+2			2.766892E-6			3.914180E-8			9.715660E-2			1.746296E-2			5.801779E+1			2.592684E-2
1.527000E+2			2.899896E-6			3.147597E-8			1.112643E-1			1.566578E-2			5.814742E+1			2.084596E-2
1.528000E+2			2.961242E-6			3.848505E-8			1.053243E-1			1.442333E-2			5.823039E+1			1.021239E-2
1.529000E+2			2.977719E-6			5.802407E-8			1.058554E-1			1.252679E-2			5.824594E+1			5.185368E-3
1.530000E+2			3.013970E-6			5.469102E-8			1.332345E-1			1.513049E-2			5.825113E+1			0.000000E+0
1.531000E+2			2.999586E-6			3.858810E-8			1.349531E-1			1.521440E-2			5.825113E+1			0.000000E+0
1.532000E+2			3.041711E-6			4.151573E-8			1.218789E-1			1.479263E-2			5.825113E+1			0.000000E+0
1.533000E+2			3.156014E-6			5.177387E-8			1.219944E-1			1.070719E-2			5.825113E+1			0.000000E+0
1.534000E+2			3.148859E-6			4.064855E-8			1.034484E-1			1.188709E-2			5.825113E+1			0.000000E+0
1.535000E+2			3.278363E-6			4.055045E-8			1.248103E-1			1.280433E-2			5.826668E+1			1.094413E-2
1.536000E+2			3.343490E-6			2.750163E-8			1.260565E-1			1.129109E-2			5.827446E+1			1.333521E-2
1.537000E+2			3.383455E-6			3.372716E-8			1.438050E-1			1.040334E-2			5.825891E+1			7.778052E-3
1.538000E+2			3.411492E-6			1.956850E-8			1.840192E-1			1.382579E-2			5.825891E+1			7.778052E-3
1.539000E+2			3.429378E-6			4.323449E-8			1.558765E-1			8.247575E-3			5.829780E+1			1.856491E-2
1.540000E+2			3.551997E-6			3.798781E-8			1.678194E-1			1.048189E-2			5.834446E+1			2.540301E-2
1.541000E+2			3.563244E-6			4.097897E-8			1.777645E-1			1.167085E-2			5.836780E+1			2.791312E-2
1.542000E+2			3.724007E-6			5.136264E-8			1.695749E-1			1.708867E-2			5.839113E+1			3.003284E-2
1.543000E+2			3.815989E-6			6.027286E-8			2.054308E-1			1.608295E-2			5.849225E+1			3.615419E-2
1.544000E+2			3.891498E-6			5.872498E-8			1.951135E-1			1.280075E-2			5.846114E+1			3.470536E-2
1.545000E+2			3.980350E-6			5.828073E-8			2.010001E-1			1.805776E-2			5.854669E+1			3.794381E-2
1.546000E+2			4.066798E-6			5.751135E-8			2.169703E-1			1.705379E-2			5.867114E+1			3.896091E-2
1.547000E+2			4.046114E-6			3.150441E-8			2.290343E-1			1.104901E-2			5.876448E+1			3.703093E-2
1.548000E+2			4.292604E-6			5.405495E-8			2.327006E-1			1.200314E-2			5.884226E+1			3.338610E-2
1.549000E+2			4.296720E-6			5.800508E-8			2.430287E-1			1.396346E-2			5.885782E+1			3.238261E-2
1.550000E+2			4.435912E-6			8.732911E-8			2.537502E-1			1.457022E-2			5.891226E+1			2.791312E-2
1.551000E+2			4.524625E-6			8.400020E-8			2.659555E-1			1.593131E-2			5.892004E+1			2.712480E-2
1.552000E+2			4.750476E-6			9.468780E-8			2.519123E-1			1.445362E-2			5.895115E+1			2.345171E-2
1.553000E+2			4.663935E-6			6.689667E-8			2.584529E-1			1.181919E-2			5.895893E+1			2.237150E-2
1.554000E+2			4.872417E-6			5.674799E-8			2.994156E-1			1.612282E-2			5.897189E+1			2.198113E-2
1.555000E+2			5.092109E-6			5.535835E-8			3.205891E-1			1.461623E-2			5.901078E+1			1.439306E-2
1.556000E+2			5.199743E-6			5.727394E-8			2.974702E-1			1.005161E-2			5.901597E+1			1.536064E-2
1.557000E+2			5.293786E-6			7.058035E-8			3.288220E-1			8.959563E-3			5.899782E+1			1.531859E-2
1.558000E+2			5.405067E-6			5.016698E-8			3.461285E-1			1.126664E-2			5.902375E+1			1.327652E-2
1.559000E+2			5.620342E-6			4.642463E-8			3.690696E-1			8.906864E-3			5.900560E+1			1.333521E-2
1.560000E+2			5.813542E-6			4.683207E-8			3.798684E-1			1.063705E-2			5.902893E+1			0.000000E+0
1.561000E+2			5.951500E-6			4.977275E-8			3.886680E-1			1.045148E-2			5.903930E+1			7.296087E-3
1.562000E+2			6.140968E-6			6.475238E-8			4.253273E-1			8.551602E-3			5.903412E+1			5.185368E-3
1.563000E+2			6.324418E-6			6.108906E-8			4.407926E-1			1.315760E-2			5.903153E+1			1.074060E-2
1.564000E+2			6.650697E-6			7.623257E-8			4.423101E-1			1.045058E-2			5.904967E+1			1.021239E-2
1.565000E+2			6.799597E-6			4.415802E-8			4.942889E-1			9.844766E-3			5.904190E+1			1.296342E-2
1.566000E+2			7.003849E-6			5.983896E-8			5.086582E-1			9.806889E-3			5.907560E+1			1.491434E-2
1.567000E+2			7.206126E-6			9.123824E-8			5.226204E-1			7.805113E-3			5.905486E+1			1.135818E-2
1.568000E+2			7.499028E-6			6.812394E-8			5.346003E-1			8.344942E-3			5.908079E+1			1.563447E-2
1.569000E+2			7.812350E-6			7.076852E-8			5.827403E-1			9.981880E-3			5.909116E+1			1.693534E-2
1.570000E+2			7.989695E-6			6.240015E-8			6.128375E-1			7.319724E-3			5.907819E+1			1.831266E-2
1.571000E+2			8.350324E-6			6.123048E-8			6.424204E-1			1.033894E-2			5.909634E+1			1.752642E-2
1.572000E+2			8.650399E-6			7.677155E-8			6.778279E-1			7.886298E-3			5.911190E+1			1.910564E-2
1.573000E+2			9.223026E-6			8.278885E-8			7.332949E-1			8.185838E-3			5.914301E+1			2.158841E-2
1.574000E+2			9.316540E-6			9.386401E-8			7.756226E-1			7.976681E-3			5.912227E+1			2.002189E-2
1.575000E+2			9.657697E-6			1.027225E-7			7.899476E-1			1.060022E-2			5.915338E+1			2.225740E-2
1.576000E+2			9.929665E-6			8.579843E-8			8.574649E-1			1.171306E-2			5.916375E+1			2.285938E-2
1.577000E+2			1.038990E-5			1.084746E-7			8.983759E-1			8.520167E-3			5.920524E+1			2.468729E-2
1.578000E+2			1.080267E-5			9.178561E-8			9.524342E-1			9.523271E-3			5.923116E+1			2.541904E-2
1.579000E+2			1.120913E-5			9.302096E-8			1.009299E+0			9.382416E-3			5.924672E+1			2.572176E-2
1.580000E+2			1.136272E-5			1.059055E-7			1.071272E+0			9.677321E-3			5.916894E+1			2.313691E-2
1.581000E+2			1.167266E-5			1.144794E-7			1.149514E+0			6.823385E-3			5.927265E+1			2.601051E-2
1.582000E+2			1.193897E-5			1.033904E-7			1.204153E+0			7.978224E-3			5.926746E+1			2.597394E-2
1.583000E+2			1.212787E-5			1.132748E-7			1.276350E+0			9.341931E-3			5.933228E+1			2.759016E-2
1.584000E+2			1.204023E-5			1.325851E-7			1.364061E+0			8.779015E-3			5.938672E+1			2.410279E-2
1.585000E+2			1.235786E-5			7.899274E-8			1.418071E+0			9.739928E-3			5.933487E+1			2.563185E-2
1.586000E+2			1.231959E-5			1.268495E-7			1.519198E+0			1.121236E-2			5.932450E+1			2.580083E-2
1.587000E+2			1.220304E-5			8.947983E-8			1.561544E+0			7.686568E-3			5.935561E+1			2.516130E-2
1.588000E+2			1.204444E-5			9.245470E-8			1.648615E+0			9.461270E-3			5.933487E+1			2.563185E-2
1.589000E+2			1.204182E-5			1.248122E-7			1.716055E+0			5.222468E-3			5.935043E+1			2.529587E-2
1.590000E+2			1.170364E-5			1.001346E-7			1.774141E+0			8.143738E-3			5.939709E+1			2.364777E-2
1.591000E+2			1.157588E-5			9.249421E-8			1.845072E+0			1.006051E-2			5.940746E+1			2.313691E-2
1.592000E+2			1.110495E-5			1.289316E-7			1.903897E+0			7.538610E-3			5.944376E+1			2.084596E-2
1.593000E+2			1.072759E-5			8.106699E-8			1.958081E+0			8.479683E-3			5.942821E+1			2.193165E-2
1.594000E+2			1.049863E-5			7.653121E-8			2.023103E+0			7.967565E-3			5.943858E+1			2.122683E-2
1.595000E+2			1.025941E-5			1.033408E-7			2.077326E+0			7.668409E-3			5.937635E+1			2.450509E-2
1.596000E+2			9.716553E-6			6.572326E-8			2.108051E+0			1.042522E-2			5.948525E+1			1.693534E-2
1.597000E+2			9.429726E-6			7.518638E-8			2.158230E+0			8.838040E-3			5.951117E+1			1.329696E-2
1.598000E+2			9.142430E-6			7.208032E-8			2.206264E+0			1.005767E-2			5.950599E+1			1.413842E-2
1.599000E+2			8.795456E-6			7.052991E-8			2.247340E+0			6.631344E-3			5.949562E+1			1.563447E-2
1.600000E+2			8.368069E-6			7.521257E-8			2.283685E+0			1.076507E-2			5.952154E+1			1.135818E-2
1.601000E+2			8.155140E-6			7.953831E-8			2.329985E+0			1.031176E-2			5.950080E+1			1.491434E-2
1.602000E+2			7.856197E-6			9.296348E-8			2.360795E+0			9.682865E-3			5.945932E+1			1.957607E-2
1.603000E+2			7.601625E-6			9.455514E-8			2.385580E+0			8.720937E-3			5.952154E+1			1.135818E-2
1.604000E+2			7.380041E-6			7.590410E-8			2.376389E+0			1.094021E-2			5.953191E+1			8.890138E-3
1.605000E+2			7.099564E-6			7.279563E-8			2.430236E+0			8.657340E-3			5.949562E+1			1.563447E-2
1.606000E+2			6.812460E-6			4.968252E-8			2.447398E+0			8.393023E-3			5.949562E+1			1.563447E-2
1.607000E+2			6.500204E-6			8.016966E-8			2.466784E+0			8.605471E-3			5.952673E+1			1.021239E-2
1.608000E+2			6.339286E-6			5.825586E-8			2.487086E+0			1.003629E-2			5.953710E+1			7.296087E-3
1.609000E+2			6.243668E-6			6.406648E-8			2.498245E+0			7.636317E-3			5.951636E+1			1.237661E-2
1.610000E+2			6.019716E-6			4.101680E-8			2.533432E+0			8.402476E-3			5.950599E+1			1.413842E-2
1.611000E+2			5.905456E-6			4.958471E-8			2.561686E+0			9.074346E-3			5.953191E+1			8.890138E-3
1.612000E+2			5.590957E-6			4.130997E-8			2.556976E+0			1.013650E-2			5.953191E+1			8.890138E-3
1.613000E+2			5.447681E-6			4.808297E-8			2.592627E+0			1.014346E-2			5.952673E+1			1.021239E-2
1.614000E+2			5.324902E-6			3.661577E-8			2.623235E+0			7.671996E-3			5.954228E+1			5.185368E-3
1.615000E+2			5.177086E-6			4.130302E-8			2.625784E+0			1.051919E-2			5.953710E+1			7.296087E-3
1.616000E+2			5.080917E-6			3.344207E-8			2.628481E+0			1.085593E-2			5.953710E+1			7.296087E-3
1.617000E+2			4.915107E-6			4.119044E-8			2.626884E+0			8.648550E-3			5.954747E+1			7.141223E-16
1.618000E+2			4.777379E-6			3.831275E-8			2.643612E+0			8.887200E-3			5.954228E+1			5.185368E-3
1.619000E+2			4.667416E-6			4.345613E-8			2.658973E+0			7.815442E-3			5.954747E+1			7.141223E-16
1.620000E+2			4.501045E-6			4.538904E-8			2.636175E+0			6.803760E-3			5.954747E+1			7.141223E-16
1.621000E+2			4.400453E-6			3.880303E-8			2.674961E+0			1.116964E-2			5.954228E+1			5.185368E-3
1.622000E+2			4.351278E-6			4.023132E-8			2.705236E+0			1.213035E-2			5.954747E+1			7.141223E-16
1.623000E+2			4.215799E-6			3.663449E-8			2.709563E+0			7.789979E-3			5.953191E+1			8.890138E-3
1.624000E+2			4.084358E-6			5.334238E-8			2.707593E+0			9.680379E-3			5.954228E+1			5.185368E-3
1.625000E+2			4.054046E-6			3.626135E-8			2.713844E+0			1.275523E-2			5.954747E+1			7.141223E-16
1.626000E+2			3.929380E-6			3.495892E-8			2.729497E+0			8.688312E-3			5.954228E+1			5.185368E-3
1.627000E+2			3.897551E-6			3.381879E-8			2.750609E+0			1.299338E-2			5.952673E+1			1.021239E-2
1.628000E+2			3.815037E-6			3.736370E-8			2.755855E+0			1.286573E-2			5.954747E+1			7.141223E-16
1.629000E+2			3.696356E-6			3.918095E-8			2.753301E+0			8.502781E-3			5.954747E+1			7.141223E-16
1.630000E+2			3.636998E-6			3.182516E-8			2.733315E+0			1.200090E-2			5.954747E+1			7.141223E-16
1.631000E+2			3.537274E-6			3.291836E-8			2.763095E+0			8.151831E-3			5.953710E+1			7.296087E-3
1.632000E+2			3.490124E-6			2.543373E-8			2.774640E+0			1.043643E-2			5.954747E+1			7.141223E-16
1.633000E+2			3.377336E-6			3.310850E-8			2.770219E+0			9.658251E-3			5.954228E+1			5.185368E-3
1.634000E+2			3.341835E-6			3.220941E-8			2.760502E+0			8.799551E-3			5.954747E+1			7.141223E-16
1.635000E+2			3.261689E-6			3.638080E-8			2.801415E+0			9.443072E-3			5.953710E+1			7.296087E-3
1.636000E+2			3.219908E-6			3.353592E-8			2.807704E+0			1.013907E-2			5.954228E+1			5.185368E-3
1.637000E+2			3.167317E-6			3.567975E-8			2.779933E+0			1.140828E-2			5.954747E+1			7.141223E-16
1.638000E+2			3.134803E-6			2.783886E-8			2.787940E+0			1.043568E-2			5.954747E+1			7.141223E-16
1.639000E+2			3.138017E-6			3.026244E-8			2.808368E+0			1.112174E-2			5.954747E+1			7.141223E-16
1.640000E+2			3.019920E-6			2.537988E-8			2.812487E+0			1.001121E-2			5.953710E+1			7.296087E-3
1.641000E+2			2.977355E-6			3.537110E-8			2.804706E+0			8.582421E-3			5.952673E+1			1.021239E-2
1.642000E+2			2.966942E-6			2.567851E-8			2.822795E+0			1.104424E-2			5.953710E+1			7.296087E-3
1.643000E+2			2.834732E-6			2.483999E-8			2.823474E+0			7.809285E-3			5.953710E+1			7.296087E-3
1.644000E+2			2.807428E-6			2.744792E-8			2.853500E+0			1.095488E-2			5.952673E+1			1.021239E-2
1.645000E+2			2.732884E-6			2.432686E-8			2.815628E+0			1.209498E-2			5.953191E+1			8.890138E-3
1.646000E+2			2.765265E-6			2.703028E-8			2.800287E+0			9.325335E-3			5.954228E+1			5.185368E-3
1.647000E+2			2.672127E-6			2.908912E-8			2.809403E+0			9.108427E-3			5.954747E+1			7.141223E-16
1.648000E+2			2.681614E-6			2.334137E-8			2.848483E+0			9.861681E-3			5.954228E+1			5.185368E-3
1.649000E+2			2.581562E-6			3.183715E-8			2.840628E+0			9.577894E-3			5.954747E+1			7.141223E-16
1.650000E+2			2.568657E-6			2.397889E-8			2.829698E+0			1.158875E-2			5.954747E+1			7.141223E-16
1.651000E+2			2.516437E-6			2.477763E-8			2.841396E+0			8.825723E-3			5.954747E+1			7.141223E-16
1.652000E+2			2.513421E-6			2.153348E-8			2.852816E+0			1.098513E-2			5.953710E+1			7.296087E-3
1.653000E+2			2.502654E-6			2.504398E-8			2.869846E+0			9.421214E-3			5.955525E+1			7.778052E-3
1.654000E+2			2.403025E-6			2.825504E-8			2.857372E+0			1.102123E-2			5.954747E+1			7.141223E-16
1.655000E+2			2.342732E-6			2.264940E-8			2.889585E+0			8.356646E-3			5.954747E+1			7.141223E-16
1.656000E+2			2.351893E-6			2.736643E-8			2.866400E+0			1.173513E-2			5.953710E+1			7.296087E-3
1.657000E+2			2.301425E-6			2.457072E-8			2.852777E+0			1.151442E-2			5.954747E+1			7.141223E-16
1.658000E+2			2.331293E-6			2.139233E-8			2.898040E+0			1.216063E-2			5.954228E+1			5.185368E-3
1.659000E+2			2.265808E-6			2.547907E-8			2.871295E+0			8.258892E-3			5.954747E+1			7.141223E-16
1.660000E+2			2.193870E-6			3.042677E-8			2.867055E+0			1.146718E-2			5.954228E+1			5.185368E-3
1.661000E+2			2.222927E-6			2.220798E-8			2.886552E+0			1.236923E-2			5.954228E+1			5.185368E-3
1.662000E+2			2.204944E-6			2.654091E-8			2.897899E+0			9.884762E-3			5.954747E+1			7.141223E-16
1.663000E+2			2.149303E-6			2.834755E-8			2.887016E+0			1.137373E-2			5.954228E+1			5.185368E-3
1.664000E+2			2.101472E-6			2.347255E-8			2.878420E+0			1.409583E-2			5.954747E+1			7.141223E-16
1.665000E+2			2.036185E-6			2.438760E-8			2.908808E+0			1.417820E-2			5.953191E+1			8.890138E-3
1.666000E+2			2.058846E-6			2.869733E-8			2.906057E+0			1.417552E-2			5.954228E+1			5.185368E-3
1.667000E+2			2.023119E-6			2.508772E-8			2.889543E+0			9.969937E-3			5.954747E+1			7.141223E-16
1.668000E+2			2.038655E-6			2.290915E-8			2.894951E+0			1.171345E-2			5.954228E+1			5.185368E-3
1.669000E+2			1.973019E-6			3.173846E-8			2.898271E+0			1.096327E-2			5.953710E+1			7.296087E-3
1.670000E+2			1.959004E-6			2.738945E-8			2.896374E+0			1.258063E-2			5.953710E+1			7.296087E-3
1.671000E+2			1.978981E-6			2.267291E-8			2.919131E+0			1.466799E-2			5.954228E+1			5.185368E-3
1.672000E+2			1.920687E-6			2.728138E-8			2.924222E+0			1.226921E-2			5.954228E+1			5.185368E-3
1.673000E+2			1.914436E-6			2.432690E-8			2.923077E+0			1.679441E-2			5.953710E+1			7.296087E-3
1.674000E+2			1.908870E-6			2.171680E-8			2.917980E+0			1.650768E-2			5.954747E+1			7.141223E-16
1.675000E+2			1.870316E-6			2.760063E-8			2.928159E+0			1.036221E-2			5.954747E+1			7.141223E-16
1.676000E+2			1.853443E-6			2.957258E-8			2.919756E+0			1.243793E-2			5.954747E+1			7.141223E-16
1.677000E+2			1.826207E-6			2.321710E-8			2.907292E+0			1.631471E-2			5.954228E+1			5.185368E-3
1.678000E+2			1.818971E-6			2.633902E-8			2.921862E+0			1.650807E-2			5.954228E+1			5.185368E-3
1.679000E+2			1.796002E-6			3.472848E-8			2.929590E+0			1.484281E-2			5.952673E+1			1.021239E-2
1.680000E+2			1.729062E-6			2.506050E-8			2.930930E+0			1.854123E-2			5.953710E+1			7.296087E-3
1.681000E+2			1.737447E-6			2.784060E-8			2.929847E+0			1.607701E-2			5.954228E+1			5.185368E-3
1.682000E+2			1.761058E-6			2.368764E-8			2.924360E+0			1.432456E-2			5.952154E+1			1.135818E-2
1.683000E+2			1.706650E-6			2.815807E-8			2.932850E+0			1.414434E-2			5.954228E+1			5.185368E-3
1.684000E+2			1.721173E-6			2.670794E-8			2.941068E+0			1.322807E-2			5.954228E+1			5.185368E-3
1.685000E+2			1.759702E-6			2.622930E-8			2.895706E+0			1.748560E-2			5.954747E+1			7.141223E-16
1.686000E+2			1.668795E-6			3.020810E-8			2.947467E+0			1.645845E-2			5.953191E+1			8.890138E-3
1.687000E+2			1.660001E-6			3.020374E-8			2.964533E+0			1.921056E-2			5.953710E+1			7.296087E-3
1.688000E+2			1.612361E-6			2.514565E-8			2.650995E+0			2.959865E-1			5.954228E+1			5.185368E-3
1.689000E+2			1.630255E-6			3.570501E-8			2.964970E+0			1.551400E-2			5.953710E+1			7.296087E-3
1.690000E+2			1.571792E-6			2.503739E-8			2.928835E+0			1.919064E-2			5.953710E+1			7.296087E-3
1.691000E+2			1.600635E-6			2.903836E-8			2.941174E+0			1.734514E-2			5.954228E+1			5.185368E-3
1.692000E+2			1.607824E-6			2.924673E-8			2.946515E+0			2.309086E-2			5.953710E+1			7.296087E-3
1.693000E+2			1.573320E-6			2.953457E-8			2.655992E+0			2.949303E-1			5.953191E+1			8.890138E-3
1.694000E+2			1.629898E-6			2.659758E-8			2.647291E+0			2.963576E-1			5.953710E+1			7.296087E-3
1.695000E+2			1.541548E-6			3.404750E-8			2.947490E+0			1.868733E-2			5.954228E+1			5.185368E-3
1.696000E+2			1.558100E-6			3.554643E-8			2.940200E+0			2.069050E-2			5.953191E+1			8.890138E-3
1.697000E+2			1.503729E-6			3.441599E-8			2.972285E+0			2.078006E-2			5.952673E+1			1.021239E-2
1.698000E+2			1.526569E-6			4.216172E-8			2.390481E+0			4.095209E-1			5.952673E+1			1.021239E-2
1.699000E+2			1.458023E-6			4.102653E-8			2.970028E+0			2.440809E-2			5.954228E+1			5.185368E-3
1.700000E+2			1.512047E-6			2.390581E-8			2.479157E+0			4.161304E-1			5.953710E+1			7.296087E-3
1.701000E+2			1.456387E-6			4.526859E-8			2.663509E+0			2.925743E-1			5.953710E+1			7.296087E-3
