Amplitude Error Setpoint: 0.25(V)
Drive Frequency(kHz), Amplitude Error(V), Phase(º)
301.96 -0.18198 116.98
301.97 -0.18155 116.68
301.98 -0.1817 115.81
301.98 -0.18042 116.42
301.99 -0.18103 115.68
301.99 -0.18027 114.8
302 -0.17844 115.12
302.01 -0.18033 115.43
302.01 -0.17838 114.19
302.02 -0.17896 114.85
302.02 -0.17963 115.25
302.03 -0.17813 114.37
302.03 -0.17789 113.94
302.04 -0.17822 114.76
302.05 -0.17792 112.73
302.05 -0.17654 113.91
302.06 -0.17758 113.55
302.06 -0.17685 113.04
302.07 -0.17606 113.93
302.08 -0.17593 112.93
302.08 -0.1759 112.54
302.09 -0.17542 112.54
302.09 -0.17487 112.67
302.1 -0.17319 112.02
302.11 -0.17499 112.16
302.11 -0.17389 111.78
302.12 -0.17444 111.85
302.12 -0.17334 111.07
302.13 -0.17374 111.24
302.14 -0.17294 110.81
302.14 -0.17166 110.42
302.15 -0.172 110.69
302.15 -0.17218 109.63
302.16 -0.1713 109.47
302.17 -0.17148 109.74
302.17 -0.17133 109.51
302.18 -0.17093 108.42
302.18 -0.17029 109.09
302.19 -0.16989 108.22
302.19 -0.16785 108.39
302.2 -0.16913 108.42
302.21 -0.16769 108.51
302.21 -0.16754 108.52
302.22 -0.16779 108.28
302.22 -0.16779 108.18
302.23 -0.16748 106.83
302.24 -0.16684 106.78
302.24 -0.16745 107.27
302.25 -0.16687 106.66
302.25 -0.16589 106.45
302.26 -0.16431 106.11
302.27 -0.16541 106.24
302.27 -0.16483 106.1
302.28 -0.16302 104.74
302.28 -0.16422 105.33
302.29 -0.16324 105.18
302.3 -0.1636 104.35
302.3 -0.16345 104.36
302.31 -0.16187 104.44
302.31 -0.16254 104.04
302.32 -0.16119 103.28
302.33 -0.16086 103.66
302.33 -0.16052 103.71
302.34 -0.15991 103.7
302.34 -0.15994 102.77
302.35 -0.1597 103.26
302.35 -0.15842 102.04
302.36 -0.15884 101.91
302.37 -0.15668 101.51
302.37 -0.15683 102.06
302.38 -0.15677 101.93
302.38 -0.15723 100.78
302.39 -0.15649 100.65
302.4 -0.15646 100.6
302.4 -0.15567 100.66
302.41 -0.15619 99.569
302.41 -0.15524 99.311
302.42 -0.15472 98.745
302.43 -0.15329 99.289
302.43 -0.15314 98.459
302.44 -0.1535 98.674
302.44 -0.15274 98.366
302.45 -0.1521 97.509
302.46 -0.15051 97.625
302.46 -0.15173 97.57
302.47 -0.15009 97.493
302.47 -0.15149 97.136
302.48 -0.14908 96.96
302.49 -0.14963 96.229
302.49 -0.14856 95.746
302.5 -0.1485 95.729
302.5 -0.14743 95.224
302.51 -0.14771 95.048
302.51 -0.14703 95.169
302.52 -0.14673 95.279
302.53 -0.14548 93.51
302.53 -0.14536 93.977
302.54 -0.14502 93.538
302.54 -0.14578 93.208
302.55 -0.1434 93.345
302.56 -0.14508 92.637
302.56 -0.14328 92.236
302.57 -0.14432 92.225
302.57 -0.14258 91.758
302.58 -0.1427 91.659
302.59 -0.14072 91.241
302.59 -0.1412 90.692
302.6 -0.14069 90.906
302.6 -0.13983 90.225
302.61 -0.14038 90.302
302.62 -0.13971 89.786
302.62 -0.13782 89.456
302.63 -0.13834 89.193
302.63 -0.13733 88.511
302.64 -0.13715 88.528
302.65 -0.13763 88.226
302.65 -0.13699 88.121
302.66 -0.13507 87.407
302.66 -0.13611 86.968
302.67 -0.13611 87.292
302.67 -0.1355 86.523
302.68 -0.13443 86.49
302.69 -0.13385 86.226
302.69 -0.1344 85.858
302.7 -0.13348 85.139
302.7 -0.13281 85.122
302.71 -0.13174 84.968
302.72 -0.13141 83.897
302.72 -0.13095 84.166
302.73 -0.13062 83.721
302.73 -0.13068 83.419
302.74 -0.12949 82.667
302.75 -0.13086 82.908
302.75 -0.12949 83.205
302.76 -0.12848 82.93
302.76 -0.12924 82.255
302.77 -0.12692 82.068
302.78 -0.12762 81.288
302.78 -0.1275 80.881
302.79 -0.12555 80.497
302.79 -0.12631 80.92
302.8 -0.12543 80.255
302.81 -0.12518 79.651
302.81 -0.12534 79.437
302.82 -0.12521 79.113
302.82 -0.12381 78.986
302.83 -0.12274 78.926
302.84 -0.12344 78.684
302.84 -0.12265 78.201
302.85 -0.12286 78.129
302.85 -0.12274 77.937
302.86 -0.1225 77.811
302.86 -0.12073 77.585
302.87 -0.12158 77.053
302.88 -0.12112 76.663
302.88 -0.11935 76.558
302.89 -0.12097 76.284
302.89 -0.11902 76.086
302.9 -0.11887 75.839
302.91 -0.11865 75.388
302.91 -0.11899 75.668
302.92 -0.1174 75.059
302.92 -0.11829 74.888
302.93 -0.11639 74.954
302.94 -0.117 74.696
302.94 -0.11609 74.702
302.95 -0.11462 73.806
302.95 -0.11597 74.185
302.96 -0.11462 73.779
302.97 -0.11456 73.883
302.97 -0.11288 73.564
302.98 -0.11359 73.663
302.98 -0.11212 73.191
302.99 -0.11197 73.79
303 -0.11172 73.043
303 -0.11148 72.872
303.01 -0.1106 72.971
303.01 -0.10876 72.46
303.02 -0.10922 73.01
303.02 -0.10806 72.537
303.03 -0.10632 72.697
303.04 -0.10681 72.263
303.04 -0.10629 72.4
303.05 -0.10379 72.592
303.05 -0.10358 72.867
303.06 -0.10352 71.906
303.07 -0.10303 71.993
303.07 -0.10074 72.62
303.08 -0.10031 72.241
303.08 -0.099518 72.109
303.09 -0.097198 72.158
303.1 -0.096802 71.944
303.1 -0.095825 72.219
303.11 -0.093933 72.29
303.11 -0.092316 71.757
303.12 -0.091125 71.955
303.13 -0.0896 72.092
303.13 -0.087524 72.499
303.14 -0.086243 72.142
303.14 -0.084503 72.186
303.15 -0.083374 71.675
303.16 -0.080627 72.328
303.16 -0.078583 71.873
303.17 -0.076202 72.12
303.17 -0.073486 71.884
303.18 -0.070953 71.428
303.18 -0.069397 71.862
303.19 -0.065979 71.4
303.2 -0.063843 71.592
303.2 -0.060364 71.927
303.21 -0.05722 71.307
303.21 -0.055084 70.812
303.22 -0.050995 71.235
303.23 -0.048157 70.862
303.23 -0.045502 70.812
303.24 -0.041229 70.219
303.24 -0.035614 70.005
303.25 -0.033936 69.873
303.26 -0.029144 69.505
303.26 -0.024719 69.109
303.27 -0.020966 69.038
303.27 -0.016541 68.428
303.28 -0.01236 67.714
303.29 -0.0053101 67.352
303.29 -0.0021973 67.05
303.3 0.0030518 66.434
303.3 0.0075378 66.127
303.31 0.014191 65.347
303.32 0.018646 64.77
303.32 0.025696 63.995
303.33 0.031311 63.325
303.33 0.037872 62.595
303.34 0.044617 61.957
303.34 0.050262 61.04
303.35 0.057617 59.914
303.36 0.064301 59.178
303.36 0.071411 58.085
303.37 0.07782 57.178
303.37 0.084808 56.168
303.38 0.093658 55.283
303.39 0.099396 53.866
303.39 0.10797 52.822
303.4 0.11517 51.702
303.4 0.12335 50.18
303.41 0.1315 49.092
303.42 0.13852 47.714
303.42 0.14658 46.258
303.43 0.15472 44.934
303.43 0.16327 43.27
303.44 0.17023 41.852
303.45 0.17926 40.254
303.45 0.18619 38.551
303.46 0.1944 36.892
303.46 0.20261 35.123
303.47 0.21057 33.459
303.48 0.21622 31.597
303.48 0.22415 29.756
303.49 0.22949 27.653
303.49 0.23764 25.697
303.5 0.24319 23.818
303.51 0.24866 21.89
303.51 0.25436 19.847
303.52 0.25858 17.721
303.52 0.263 15.705
303.53 0.26767 13.574
303.53 0.27036 11.475
303.54 0.27289 9.5361
303.55 0.27512 7.229
303.55 0.27563 4.8889
303.56 0.27747 2.8784
303.56 0.2774 0.75806
303.57 0.27802 -1.5216
303.58 0.2778 -3.4882
303.58 0.27475 -5.4877
303.59 0.27469 -7.619
303.59 0.27173 -9.6185
303.6 0.26755 -11.651
303.61 0.26514 -13.865
303.61 0.26096 -15.721
303.62 0.25696 -17.65
303.62 0.25391 -19.688
303.63 0.24823 -21.72
303.64 0.24246 -23.483
303.64 0.23883 -25.23
303.65 0.23331 -27.076
303.65 0.22714 -28.916
303.66 0.21997 -30.707
303.67 0.21555 -32.388
303.67 0.20874 -33.893
303.68 0.20297 -35.524
303.68 0.19614 -37.018
303.69 0.19171 -38.672
303.69 0.18481 -40.331
303.7 0.17776 -41.83
303.71 0.17212 -43.165
303.71 0.16614 -44.742
303.72 0.15817 -45.967
303.72 0.15198 -47.329
303.73 0.14551 -48.636
303.74 0.1405 -49.966
303.74 0.13416 -51.312
303.75 0.12833 -52.438
303.75 0.12338 -53.866
303.76 0.11588 -54.981
303.77 0.11163 -56.107
303.77 0.10513 -57.42
303.78 0.099976 -58.425
303.78 0.095459 -59.42
303.79 0.08963 -60.787
303.8 0.083374 -61.655
303.8 0.078461 -62.699
303.81 0.073395 -63.946
303.81 0.069031 -64.995
303.82 0.064423 -65.841
303.83 0.058594 -67.099
303.83 0.054382 -67.61
303.84 0.049713 -68.917
303.84 0.044708 -69.807
303.85 0.039612 -70.516
303.85 0.035034 -71.34
303.86 0.031403 -72.383
303.87 0.026825 -73.471
303.87 0.022247 -74.421
303.88 0.020386 -75.146
303.88 0.014069 -76.009
303.89 0.0088806 -76.998
303.9 0.0065918 -77.531
303.9 0.0019226 -78.338
303.91 -0.0018921 -79.376
303.91 -0.0055847 -80.052
303.92 -0.0096436 -80.826
303.93 -0.013489 -81.634
303.93 -0.016174 -82.211
303.94 -0.020721 -82.963
303.94 -0.023407 -83.881
303.95 -0.02713 -84.567
303.96 -0.029083 -85.391
303.96 -0.033112 -86.083
303.97 -0.03717 -86.578
303.97 -0.039978 -87.275
303.98 -0.042084 -87.775
303.99 -0.045532 -88.495
303.99 -0.04953 -88.918
304 -0.052338 -89.698
304 -0.055481 -90.417
304.01 -0.058655 -91.516
304.01 -0.059753 -91.423
304.02 -0.063751 -92.12
304.03 -0.066071 -92.675
304.03 -0.06842 -93.675
304.04 -0.071716 -93.994
304.04 -0.073853 -94.515
304.05 -0.076416 -95.12
304.06 -0.079529 -95.889
304.06 -0.082062 -96.372
304.07 -0.084229 -96.861
304.07 -0.086884 -97.586
304.08 -0.089233 -97.652
304.09 -0.091766 -98.553
304.09 -0.093719 -98.844
304.1 -0.095215 -99.651
304.1 -0.096436 -100.04
304.11 -0.10001 -100.33
304.12 -0.10168 -101.08
304.12 -0.10321 -101.93
304.13 -0.10593 -102.29
304.13 -0.1084 -102.32
304.14 -0.10956 -103.02
304.15 -0.11148 -103.74
304.15 -0.1138 -104.04
304.16 -0.11588 -104.24
304.16 -0.11734 -105.11
304.17 -0.11978 -105.67
304.17 -0.12201 -105.28
304.18 -0.12433 -105.87
304.19 -0.12381 -106.67
304.19 -0.12558 -106.94
304.2 -0.12799 -107.15
304.2 -0.1312 -108.29
304.21 -0.13196 -108.14
304.22 -0.13248 -108.09
304.22 -0.13461 -108.59
304.23 -0.13483 -109.08
304.23 -0.13733 -109.57
304.24 -0.13943 -110.51
304.25 -0.14005 -110.47
304.25 -0.14151 -111.09
304.26 -0.14267 -111.44
304.26 -0.14481 -111.73
304.27 -0.14594 -112.76
304.28 -0.14771 -112.74
304.28 -0.14951 -112.81
304.29 -0.15005 -112.33
304.29 -0.1528 -112.99
304.3 -0.15298 -114.04
304.31 -0.15396 -113.88
304.31 -0.15607 -113.69
304.32 -0.15744 -115.41
304.32 -0.15814 -115.14
304.33 -0.16006 -116.2
304.34 -0.16095 -115.58
304.34 -0.16193 -115.96
304.35 -0.16159 -116.67
304.35 -0.16425 -116.53
304.36 -0.16528 -117.24
304.36 -0.16571 -116.86
304.37 -0.16736 -117.58
304.38 -0.16901 -117.7
304.38 -0.17023 -117.6
304.39 -0.17038 -117.62
304.39 -0.1705 -118.31
304.4 -0.17239 -119.01
304.41 -0.17404 -119.28
304.41 -0.17511 -119.08
304.42 -0.17514 -120
304.42 -0.17596 -119.23
304.43 -0.17816 -120.33
304.44 -0.17892 -120.78
304.44 -0.1792 -119.58
304.45 -0.17993 -120.21
304.45 -0.18228 -120.59
304.46 -0.18207 -121.21
304.47 -0.18283 -121.62
304.47 -0.1842 -121.46
304.48 -0.18448 -122.29
304.48 -0.18436 -121.6
304.49 -0.18518 -122.3
304.5 -0.18698 -122.24
304.5 -0.18759 -123.66
304.51 -0.18808 -122.78
304.51 -0.19022 -121.59
304.52 -0.18948 -122.92
304.52 -0.18951 -122.41
304.53 -0.19101 -122.67
304.54 -0.19135 -123.79
304.54 -0.19385 -123.52
304.55 -0.19269 -123.23
304.55 -0.1947 -124.12
304.56 -0.19373 -124.49
304.57 -0.19589 -124.01
304.57 -0.19647 -125.19
304.58 -0.19608 -124.39
304.58 -0.19785 -124.65
304.59 -0.19693 -124.82
304.6 -0.19986 -126.3
304.6 -0.19965 -125.65
304.61 -0.19955 -125.62
304.61 -0.2005 -126.67
304.62 -0.20166 -126.72
304.63 -0.20227 -126.73
304.63 -0.20071 -126.05
304.64 -0.2019 -126.17
304.64 -0.20316 -125.97
304.65 -0.2041 -125.51
304.66 -0.20514 -127.68
304.66 -0.20508 -126.41
304.67 -0.20505 -126.17
304.67 -0.20532 -126.75
304.68 -0.20682 -127.24
304.68 -0.20654 -126.68
304.69 -0.20859 -127.08
304.7 -0.20718 -128.45
304.7 -0.20789 -127.1
304.71 -0.20963 -127.44
304.71 -0.20917 -128.11
304.72 -0.20978 -126.79
304.73 -0.20895 -126.35
304.73 -0.21011 -126.79
304.74 -0.21082 -128.29
304.74 -0.21176 -128.91
304.75 -0.21146 -129.16
304.76 -0.21228 -126.51
304.76 -0.2131 -128.65
304.77 -0.21222 -128.73
304.77 -0.21362 -127.96
304.78 -0.21326 -128.9
304.79 -0.21375 -127.61
304.79 -0.21378 -127.06
304.8 -0.21371 -129.53
304.8 -0.21494 -129.18
304.81 -0.21622 -128.05
304.82 -0.21649 -127.14
304.82 -0.21619 -130.35
304.83 -0.21689 -128.52
304.83 -0.2168 -128.78
304.84 -0.21689 -129.14
304.84 -0.21854 -131.21
304.85 -0.21805 -129.08
304.86 -0.2178 -128.71
304.86 -0.21896 -129.96
304.87 -0.21887 -129.47
304.87 -0.21921 -131.71
304.88 -0.21985 -129.13
304.89 -0.22141 -131.73
304.89 -0.21994 -126.73
304.9 -0.22128 -127.53
304.9 -0.22119 -130.29
304.91 -0.22162 -129.63
304.92 -0.22128 -131.11
304.92 -0.22177 -129.88
304.93 -0.22177 -132.22
304.93 -0.22296 -127.61
304.94 -0.22244 -128.07
304.95 -0.22302 -132.01
304.95 -0.22308 -130.94
304.96 -0.2233 -129.75
304.96 -0.22345 -132.32
304.97 -0.2251 -131.24
304.98 -0.22464 -129.11
304.98 -0.22391 -128.16
304.99 -0.22522 -131.9
304.99 -0.22391 -129.35
